# Source: https://www.freepik.com/premium-vector/sydney-opera-house-detailed-architecture-line-art_3592759.htm
bezier
199 128 244 149 296 222 299 246
line
198 129 0 188 180 0
line
156 170 0 146 194 0
line
113 178 0 114 193 0
line
90 194 0 87 217 0
line
87 217 0 74 215 0
line
74 215 0 77 247 0
bezier
299 246 313 231 352 229 361 239
bezier
361 241 373 266 377 298 372 316
bezier
388 272 402 269 420 278 425 286
bezier
425 286 436 276 470 271 481 278
line
389 273 0 390 317 0
line
298 315 0 459 320 0
bezier
298 245 310 273 310 302 304 315
bezier
303 258 333 269 359 294 369 317
bezier
303 258 323 274 346 301 347 316
bezier
303 259 313 272 318 288 316 294
line
316 294 0 305 316 0
bezier
316 294 321 292 335 297 344 306
bezier
344 306 346 301 354 301 359 303
bezier
17 238 38 234 67 241 76 246
line
17 238 0 33 270 0
line
33 270 0 33 280 0
line
33 280 0 21 295 0
line
21 295 0 9 299 0
line
9 299 0 15 306 0
line
15 306 0 16 314 0
line
16 314 0 8 314 0
line
8 314 0 8 342 0
bezier
157 167 212 183 268 262 268 283
bezier
157 167 217 209 252 261 262 300
bezier
241 233 256 255 264 279 266 302
line
234 209 0 287 292 0
line
287 292 0 267 284 0
line
267 284 0 265 304 0
line
224 283 0 266 304 0
line
266 304 0 282 304 0
line
282 304 0 295 315 0
line
295 315 0 287 295 0
line
287 295 0 268 288 0
line
268 288 0 266 303 0
bezier
90 192 130 209 174 243 200 279
bezier
182 231 193 243 200 261 203 279
bezier
184 229 200 239 208 254 210 268
bezier
187 219 212 239 229 261 239 277
bezier
184 199 177 204 172 210 171 215
line
444 320 0 445 310 0
line
445 310 0 463 311 0
line
463 311 0 464 323 0
line
464 311 0 433 290 0
line
444 311 0 434 296 0
line
424 286 0 442 320 0
bezier
390 274 412 287 427 303 437 318
bezier
389 311 393 304 399 299 404 299
bezier
404 299 424 308 424 308 424 308
line
390 312 0 429 312 0
line
402 286 0 396 305 0
line
394 313 0 405 300 0
line
405 300 0 405 288 0
line
401 288 0 402 300 0
line
402 300 0 394 311 0
line
426 311 0 427 307 0
line
423 303 0 421 312 0
line
419 302 0 419 305 0
line
419 305 0 417 311 0
line
412 311 0 415 303 0
line
415 303 0 415 297 0
line
412 294 0 412 301 0
line
412 301 0 406 312 0
line
400 311 0 408 301 0
line
408 301 0 408 292 0
line
459 320 0 471 328 0
line
471 328 0 474 327 0
line
474 327 0 479 330 0
line
372 324 0 372 327 0
line
372 327 0 299 325 0
line
299 325 0 299 322 0
line
299 322 0 372 324 0
bezier
89 191 115 186 159 200 184 227
bezier
17 237 39 250 54 267 63 281
bezier
32 279 39 276 52 279 56 284
line
93 275 0 112 254 0
line
20 295 0 52 293 0
line
50 288 0 58 297 0
bezier
49 288 89 281 172 277 186 280
bezier
57 295 102 289 166 285 187 290
line
189 290 0 205 283 0
line
205 283 0 223 283 0
line
199 279 0 204 282 0
line
80 293 0 80 289 0
line
80 289 0 186 283 0
line
186 283 0 193 282 0
line
193 282 0 201 278 0
line
203 280 0 208 268 0
line
208 268 0 240 278 0
line
208 283 0 210 271 0
line
210 271 0 235 280 0
line
235 280 0 244 292 0
line
193 341 0 194 329 0
line
194 329 0 202 329 0
line
202 329 0 206 338 0
line
206 338 0 194 337 0
line
194 330 0 198 337 0
line
201 337 0 201 342 0
line
244 319 0 244 324 0
line
244 324 0 265 326 0
line
265 326 0 266 320 0
line
266 320 0 245 319 0
line
277 313 0 280 316 0
line
280 316 0 287 316 0
line
287 316 0 284 312 0
line
284 312 0 277 312 0
bezier
30 336 35 332 35 332 157 332
bezier
157 332 158 338 158 338 30 338
line
33 339 0 33 342 0
line
37 339 0 37 341 0
line
161 343 0 160 290 0
bezier
15 305 24 301 47 300 54 303
bezier
54 303 92 298 142 296 158 297
line
36 314 0 36 323 0
line
36 323 0 158 321 0
line
15 314 0 35 314 0
line
35 314 0 39 311 0
line
39 311 0 39 302 0
line
14 311 0 39 310 0
line
44 309 0 44 313 0
line
44 313 0 42 318 0
line
42 318 0 155 315 0
line
155 315 0 157 309 0
line
157 309 0 44 315 0
line
45 309 0 157 305 0
line
157 337 0 157 340 0
line
158 314 0 158 318 0
line
158 297 0 158 303 0
bezier
219 204 219 195 228 191 234 192
bezier
234 192 252 212 279 260 296 315
bezier
220 155 214 163 207 182 207 193
bezier
219 156 255 189 289 260 300 316
bezier
204 142 198 148 194 171 195 185
bezier
202 143 219 149 223 153 223 155
bezier
201 131 235 157 294 263 302 315
bezier
199 130 246 147 303 272 301 315
bezier
211 149 205 156 200 174 201 189
bezier
214 150 208 158 203 175 203 189
line
198 131 0 204 143 0
line
199 128 0 203 142 0
line
225 160 0 235 192 0
bezier
108 207 98 226 92 257 93 275
bezier
95 199 88 219 88 244 88 272
bezier
100 203 95 222 91 245 91 275
bezier
94 201 125 214 158 238 190 275
line
109 208 0 109 256 0
line
113 254 0 112 210 0
line
114 210 0 115 253 0
line
118 253 0 118 212 0
line
122 214 0 121 253 0
line
126 253 0 126 219 0
line
131 220 0 130 253 0
line
134 253 0 134 224 0
line
139 226 0 137 254 0
line
141 254 0 142 230 0
line
145 231 0 144 256 0
line
147 257 0 148 235 0
line
152 237 0 151 258 0
line
155 259 0 154 240 0
line
158 243 0 158 260 0
line
161 261 0 161 246 0
line
166 250 0 166 263 0
line
171 266 0 171 256 0
line
177 262 0 177 268 0
line
114 254 0 98 278 0
line
117 253 0 103 277 0
line
109 277 0 122 253 0
line
125 253 0 115 275 0
line
121 275 0 129 253 0
line
134 253 0 126 273 0
line
132 273 0 136 253 0
line
141 254 0 137 272 0
line
141 271 0 143 254 0
line
147 256 0 145 271 0
line
152 258 0 151 270 0
line
154 270 0 154 258 0
line
158 259 0 157 270 0
line
163 270 0 161 261 0
line
165 261 0 166 270 0
line
171 264 0 171 267 0
line
177 267 0 188 271 0
line
106 216 0 107 257 0
line
102 231 0 104 261 0
line
101 241 0 102 266 0
line
98 252 0 99 269 0
line
97 260 0 98 273 0
line
96 271 0 96 275 0
line
173 268 0 182 274 0
line
168 270 0 175 275 0
line
163 270 0 167 276 0
line
158 270 0 160 278 0
line
154 269 0 154 279 0
line
150 270 0 147 278 0
line
145 271 0 140 280 0
line
141 271 0 133 280 0
line
136 272 0 128 280 0
line
132 273 0 121 281 0
line
126 274 0 117 281 0
line
121 275 0 112 282 0
line
115 276 0 106 282 0
line
103 278 0 98 281 0
line
91 274 0 65 284 0
line
73 285 0 92 277 0
line
95 278 0 84 283 0
line
91 283 0 96 280 0
bezier
159 177 202 215 240 266 256 298
bezier
160 172 196 198 227 235 260 300
bezier
155 167 199 196 238 250 263 303
line
35 257 0 34 280 0
line
37 280 0 37 259 0
line
40 261 0 40 280 0
line
41 280 0 42 263 0
line
44 265 0 44 280 0
line
46 281 0 46 269 0
line
50 271 0 50 282 0
line
51 284 0 52 275 0
line
54 277 0 54 286 0
line
54 286 0 57 278 0
line
36 280 0 26 293 0
line
30 293 0 38 280 0
line
42 280 0 37 290 0
line
39 290 0 45 282 0
line
47 281 0 43 288 0
line
51 282 0 48 287 0
line
54 285 0 53 287 0
line
21 295 0 48 289 0
line
46 290 0 47 293 0
line
44 290 0 44 294 0
line
39 291 0 39 294 0
line
79 256 0 80 277 0
line
84 256 0 83 277 0
line
25 247 0 32 263 0
line
25 248 0 35 256 0
line
78 224 0 79 248 0
line
78 223 0 84 232 0
line
74 214 0 86 230 0
line
119 190 0 119 193 0
line
119 191 0 123 195 0
line
114 179 0 126 196 0
line
6 342 0 495 346 0
bezier
481 278 486 298 485 315 477 328
bezier
159 179 152 184 150 196 150 205
bezier
168 184 162 191 158 202 158 209
bezier
112 177 122 177 137 184 145 195
bezier
389 274 404 280 423 299 435 319
bezier
391 277 403 283 427 305 435 319
bezier
394 278 391 291 390 301 392 318
bezier
391 277 390 290 389 303 391 317
bezier
95 272 98 264 102 257 110 256
bezier
110 256 132 249 166 259 188 272
save
pic.png
