clear
bezier
266.4 329.2 278.8 327.2 314.4 328.4 321.6 336.4
bezier
321.6 336.4 330.0 345.6 352.0 371.20000000000005 353.2 382.0
bezier
353.2 382.0 357.2 424.4 383.2 429.6 394.0 430.0
bezier
394.0 430.0 423.2 431.2 401.6 424.0 429.6 425.20000000000005
bezier
429.6 425.20000000000005 433.2 425.6 452.4 438.4 455.20000000000005 434.79999999999995
bezier
455.20000000000005 434.79999999999995 467.2 420.8 464.4 404.4 460.4 401.20000000000005
bezier
460.4 401.20000000000005 445.6 390.0 415.6 365.6 408.4 348.8
bezier
408.4 348.8 400.8 330.8 386.4 287.6 384.4 269.2
bezier
384.4 269.2 382.4 250.8 362.8 245.2 349.2 214.8
bezier
349.2 214.8 339.2 192.8 346.8 165.6 343.6 154.8
bezier
343.6 154.8 339.2 142.0 338.4 110.79999999999998 349.6 110.79999999999998
bezier
349.6 110.79999999999998 363.2 110.4 366.4 95.6 364.0 92.0
bezier
364.0 92.0 360.4 87.6 334.4 88.4 328.8 89.6
bezier
328.8 89.6 315.6 93.19999999999999 322.8 121.2 314.4 129.2
bezier
314.4 129.2 313.2 130.39999999999998 315.2 198.0 305.6 221.2
bezier
305.6 221.2 304.8 222.8 212.0 232.0 211.2 230.8
bezier
211.2 230.8 210.4 229.2 195.6 197.6 186.4 188.8
bezier
186.4 188.8 167.2 170.4 179.6 129.6 191.6 126.00000000000001
bezier
191.6 126.00000000000001 206.0 121.2 211.2 114.4 209.6 110.79999999999998
bezier
209.6 110.79999999999998 206.0 103.6 181.6 104.79999999999998 179.6 107.6
bezier
179.6 107.6 156.0 137.2 154.4 184.0 144.8 164.8
bezier
144.8 164.8 130.8 137.6 150.8 108.0 154.4 108.4
bezier
154.4 108.4 164.8 109.6 183.2 92.4 168.8 92.4
bezier
168.8 92.4 154.0 92.4 136.0 90.80000000000001 133.2 97.6
bezier
133.2 97.6 126.80000000000001 112.0 113.19999999999999 149.6 114.4 163.2
bezier
114.4 163.2 116.0 179.2 126.0 186.4 129.60000000000002 200.4
bezier
129.60000000000002 200.4 133.6 216.0 132.4 239.6 130.0 244.0
bezier
130.0 244.0 112.0 274.4 117.6 303.2 112.79999999999998 304.4
bezier
112.79999999999998 304.4 94.4 309.2 39.20000000000002 350.8 35.20000000000002 354.0
bezier
35.20000000000002 354.0 20.400000000000006 365.6 19.599999999999994 372.4 24.400000000000006 371.20000000000005
bezier
24.400000000000006 371.20000000000005 28.80000000000001 370.4 82.0 336.0 89.19999999999999 332.0
bezier
89.19999999999999 332.0 125.6 311.6 165.2 340.0 204.0 338.0
bezier
204.0 338.0 212.4 337.6 255.6 330.8 266.4 329.2
bezier
144.8 164.4 180.39999999999998 214.0 179.6 240.8 181.2 240.0
bezier
181.2 240.0 190.39999999999998 234.0 207.6 229.2 211.2 230.8
bezier
370.8 414.8 380.4 414.8 399.20000000000005 400.4 405.6 394.4
bezier
405.6 394.4 411.6 388.8 420.0 368.4 414.4 365.2
bezier
414.4 365.2 407.6 360.8 378.8 374.4 373.2 374.0
bezier
373.2 374.0 367.6 373.6 358.8 376.0 357.2 385.2
bezier
416.4 423.6 418.8 422.4 418.8 418.4 417.2 415.6
bezier
417.2 415.6 416.0 413.2 409.6 416.0 410.4 418.0
bezier
343.2 154.4 342.8 148.0 338.0 126.80000000000001 345.2 117.60000000000001
bezier
345.2 117.60000000000001 346.4 115.6 356.4 120.80000000000001 359.6 115.2
bezier
359.6 115.2 360.8 113.6 364.4 110.0 362.0 104.39999999999998
bezier
448.4 434.0 449.6 427.20000000000005 456.8 428.79999999999995 459.6 428.79999999999995
bezier
462.79999999999995 405.2 460.0 405.6 442.4 391.2 438.79999999999995 390.0
save
img001.png
clear
bezier
266.4 329.2 278.8 327.2 314.4 328.4 321.6 336.4
bezier
321.6 336.4 330.0 345.6 352.0 371.20000000000005 353.2 382.0
bezier
353.2 382.0 357.2 424.4 383.2 429.6 394.0 430.0
bezier
394.0 430.0 423.2 431.2 401.6 424.0 429.6 425.20000000000005
bezier
429.6 425.20000000000005 433.2 425.6 452.4 438.4 455.20000000000005 434.79999999999995
bezier
455.20000000000005 434.79999999999995 467.2 420.8 464.4 404.4 460.4 401.20000000000005
bezier
460.4 401.20000000000005 445.6 390.0 415.6 365.6 408.4 348.8
bezier
408.4 348.8 400.8 330.8 386.4 287.6 384.4 269.2
bezier
384.4 269.2 382.4 250.8 362.8 245.2 349.2 214.8
bezier
349.2 214.8 339.2 192.8 346.8 165.6 343.6 154.8
bezier
343.6 154.8 339.2 142.0 338.4 110.79999999999998 349.6 110.79999999999998
bezier
349.6 110.79999999999998 363.2 110.4 366.4 95.6 364.0 92.0
bezier
364.0 92.0 360.4 87.6 334.4 88.4 328.8 89.6
bezier
328.8 89.6 315.6 93.19999999999999 322.8 121.2 314.4 129.2
bezier
314.4 129.2 313.2 130.39999999999998 315.2 198.0 305.6 221.2
bezier
305.6 221.2 304.8 222.8 212.0 232.0 211.2 230.8
bezier
211.2 230.8 210.4 229.2 195.6 197.6 186.4 188.8
bezier
186.4 188.8 167.2 170.4 179.6 129.6 191.6 126.00000000000001
bezier
191.6 126.00000000000001 206.0 121.2 211.2 114.4 209.6 110.79999999999998
bezier
209.6 110.79999999999998 206.0 103.6 181.6 104.79999999999998 179.6 107.6
bezier
179.6 107.6 156.0 137.2 154.4 184.0 144.8 164.8
bezier
144.8 164.8 130.8 137.6 150.8 108.0 154.4 108.4
bezier
154.4 108.4 164.8 109.6 183.2 92.4 168.8 92.4
bezier
168.8 92.4 154.0 92.4 136.0 90.80000000000001 133.2 97.6
bezier
133.2 97.6 126.80000000000001 112.0 113.19999999999999 149.6 114.4 163.2
bezier
114.4 163.2 116.0 179.2 126.0 186.4 129.60000000000002 200.4
bezier
129.60000000000002 200.4 133.6 216.0 132.4 239.6 130.0 244.0
bezier
130.0 244.0 112.0 274.4 118.0 302.8 113.19999999999999 304.0
bezier
113.19999999999999 304.0 95.19999999999999 307.6 36.80000000000001 345.6 32.80000000000001 348.8
bezier
32.80000000000001 348.8 17.599999999999994 359.2 16.0 365.6 20.80000000000001 364.8
bezier
20.80000000000001 364.8 24.80000000000001 364.4 81.60000000000002 333.2 88.79999999999998 329.6
bezier
88.79999999999998 329.6 125.20000000000002 311.6 165.2 340.0 204.0 338.0
bezier
204.0 338.0 212.4 337.6 255.6 330.8 266.4 329.2
bezier
144.8 164.4 180.39999999999998 214.0 179.6 240.8 181.2 240.0
bezier
181.2 240.0 190.39999999999998 234.0 207.6 229.2 211.2 230.8
bezier
370.8 414.8 380.4 414.8 399.20000000000005 400.4 405.6 394.4
bezier
405.6 394.4 411.6 388.8 420.0 368.4 414.4 365.2
bezier
414.4 365.2 407.6 360.8 378.8 374.4 373.2 374.0
bezier
373.2 374.0 367.6 373.6 358.8 376.0 357.2 385.2
bezier
416.4 423.6 418.8 422.4 418.8 418.4 417.2 415.6
bezier
417.2 415.6 416.0 413.2 409.6 416.0 410.4 418.0
bezier
343.2 154.4 342.8 148.0 338.0 126.80000000000001 345.2 117.60000000000001
bezier
345.2 117.60000000000001 346.4 115.6 356.4 120.80000000000001 359.6 115.2
bezier
359.6 115.2 360.8 113.6 364.4 110.0 362.0 104.39999999999998
bezier
448.4 434.0 449.6 427.20000000000005 456.8 428.79999999999995 459.6 428.79999999999995
bezier
462.79999999999995 405.2 460.0 405.6 442.4 391.2 438.79999999999995 390.0
save
img002.png
clear
bezier
266.4 329.2 278.8 327.2 314.4 328.4 321.6 336.4
bezier
321.6 336.4 330.0 345.6 352.0 371.20000000000005 353.2 382.0
bezier
353.2 382.0 357.2 424.4 383.2 429.6 394.0 430.0
bezier
394.0 430.0 423.2 431.2 401.6 424.0 429.6 425.20000000000005
bezier
429.6 425.20000000000005 433.2 425.6 452.4 438.4 455.20000000000005 434.79999999999995
bezier
455.20000000000005 434.79999999999995 467.2 420.8 464.4 404.4 460.4 401.20000000000005
bezier
460.4 401.20000000000005 445.6 390.0 415.6 365.6 408.4 348.8
bezier
408.4 348.8 400.8 330.8 386.4 287.6 384.4 269.2
bezier
384.4 269.2 382.4 250.8 362.8 245.2 349.2 214.8
bezier
349.2 214.8 339.2 192.8 346.8 165.6 343.6 154.8
bezier
343.6 154.8 339.2 142.0 338.4 110.79999999999998 349.6 110.79999999999998
bezier
349.6 110.79999999999998 363.2 110.4 366.4 95.6 364.0 92.0
bezier
364.0 92.0 360.4 87.6 334.4 88.4 328.8 89.6
bezier
328.8 89.6 315.6 93.19999999999999 322.8 121.2 314.4 129.2
bezier
314.4 129.2 313.2 130.39999999999998 315.2 198.0 305.6 221.2
bezier
305.6 221.2 304.8 222.8 212.0 232.0 211.2 230.8
bezier
211.2 230.8 210.4 229.2 195.6 197.6 186.4 188.8
bezier
186.4 188.8 167.2 170.4 179.6 129.6 191.6 126.00000000000001
bezier
191.6 126.00000000000001 206.0 121.2 211.2 114.4 209.6 110.79999999999998
bezier
209.6 110.79999999999998 206.0 103.6 181.6 104.79999999999998 179.6 107.6
bezier
179.6 107.6 156.0 137.2 154.4 184.0 144.8 164.8
bezier
144.8 164.8 130.8 137.6 150.8 108.0 154.4 108.4
bezier
154.4 108.4 164.8 109.6 183.2 92.4 168.8 92.4
bezier
168.8 92.4 154.0 92.4 136.0 90.80000000000001 133.2 97.6
bezier
133.2 97.6 126.80000000000001 112.0 113.19999999999999 149.6 114.4 163.2
bezier
114.4 163.2 116.0 179.2 126.0 186.4 129.60000000000002 200.4
bezier
129.60000000000002 200.4 133.6 216.0 132.4 239.6 130.0 244.0
bezier
130.0 244.0 112.0 274.4 118.4 302.8 113.6 303.6
bezier
113.6 303.6 96.0 305.6 33.60000000000002 338.0 29.200000000000017 340.4
bezier
29.200000000000017 340.4 14.0 349.6 11.599999999999966 355.6 16.400000000000006 355.2
bezier
16.400000000000006 355.2 20.0 354.8 81.20000000000002 329.2 88.4 326.4
bezier
88.4 326.4 124.80000000000001 312.0 165.2 340.0 204.0 338.0
bezier
204.0 338.0 212.4 337.6 255.6 330.8 266.4 329.2
bezier
144.8 164.4 180.39999999999998 214.0 179.6 240.8 181.2 240.0
bezier
181.2 240.0 190.39999999999998 234.0 207.6 229.2 211.2 230.8
bezier
370.8 414.8 380.4 414.8 399.20000000000005 400.4 405.6 394.4
bezier
405.6 394.4 411.6 388.8 420.0 368.4 414.4 365.2
bezier
414.4 365.2 407.6 360.8 378.8 374.4 373.2 374.0
bezier
373.2 374.0 367.6 373.6 358.8 376.0 357.2 385.2
bezier
416.4 423.6 418.8 422.4 418.8 418.4 417.2 415.6
bezier
417.2 415.6 416.0 413.2 409.6 416.0 410.4 418.0
bezier
343.2 154.4 342.8 148.0 338.0 126.80000000000001 345.2 117.60000000000001
bezier
345.2 117.60000000000001 346.4 115.6 356.4 120.80000000000001 359.6 115.2
bezier
359.6 115.2 360.8 113.6 364.4 110.0 362.0 104.39999999999998
bezier
448.4 434.0 449.6 427.20000000000005 456.8 428.79999999999995 459.6 428.79999999999995
bezier
462.79999999999995 405.2 460.0 405.6 442.4 391.2 438.79999999999995 390.0
save
img003.png
clear
bezier
266.4 329.2 278.8 327.2 314.4 328.4 321.6 336.4
bezier
321.6 336.4 330.0 345.6 352.0 371.20000000000005 353.2 382.0
bezier
353.2 382.0 357.2 424.4 383.2 429.6 394.0 430.0
bezier
394.0 430.0 423.2 431.2 401.6 424.0 429.6 425.20000000000005
bezier
429.6 425.20000000000005 433.2 425.6 452.4 438.4 455.20000000000005 434.79999999999995
bezier
455.20000000000005 434.79999999999995 467.2 420.8 464.4 404.4 460.4 401.20000000000005
bezier
460.4 401.20000000000005 445.6 390.0 415.6 365.6 408.4 348.8
bezier
408.4 348.8 400.8 330.8 386.4 287.6 384.4 269.2
bezier
384.4 269.2 382.4 250.8 362.8 245.2 349.2 214.8
bezier
349.2 214.8 339.2 192.8 346.8 165.6 343.6 154.8
bezier
343.6 154.8 339.2 142.0 338.4 110.79999999999998 349.6 110.79999999999998
bezier
349.6 110.79999999999998 363.2 110.4 366.4 95.6 364.0 92.0
bezier
364.0 92.0 360.4 87.6 334.4 88.4 328.8 89.6
bezier
328.8 89.6 315.6 93.19999999999999 322.8 121.2 314.4 129.2
bezier
314.4 129.2 313.2 130.39999999999998 315.2 198.0 305.6 221.2
bezier
305.6 221.2 304.8 222.8 212.0 232.0 211.2 230.8
bezier
211.2 230.8 210.4 229.2 195.6 197.6 186.4 188.8
bezier
186.4 188.8 167.2 170.4 179.6 129.6 191.6 126.00000000000001
bezier
191.6 126.00000000000001 206.0 121.2 211.2 114.4 209.6 110.79999999999998
bezier
209.6 110.79999999999998 206.0 103.6 181.6 104.79999999999998 179.6 107.6
bezier
179.6 107.6 156.0 137.2 154.4 184.0 144.8 164.8
bezier
144.8 164.8 130.8 137.6 150.8 108.0 154.4 108.4
bezier
154.4 108.4 164.8 109.6 183.2 92.4 168.8 92.4
bezier
168.8 92.4 154.0 92.4 136.0 90.80000000000001 133.2 97.6
bezier
133.2 97.6 126.80000000000001 112.0 113.19999999999999 149.6 114.4 163.2
bezier
114.4 163.2 116.0 179.2 126.0 186.4 129.60000000000002 200.4
bezier
129.60000000000002 200.4 133.6 216.0 132.4 239.6 130.0 244.0
bezier
130.0 244.0 112.0 274.4 118.80000000000001 302.8 114.4 302.8
bezier
114.4 302.8 97.19999999999999 303.2 30.0 328.4 26.0 330.0
bezier
26.0 330.0 10.0 337.2 7.199999999999989 342.8 11.599999999999966 343.2
bezier
11.599999999999966 343.2 15.199999999999989 343.2 80.4 324.0 87.6 322.0
bezier
87.6 322.0 124.0 312.0 165.2 340.0 204.0 338.0
bezier
204.0 338.0 212.4 337.6 255.6 330.8 266.4 329.2
bezier
144.8 164.4 180.39999999999998 214.0 179.6 240.8 181.2 240.0
bezier
181.2 240.0 190.39999999999998 234.0 207.6 229.2 211.2 230.8
bezier
370.8 414.8 380.4 414.8 399.20000000000005 400.4 405.6 394.4
bezier
405.6 394.4 411.6 388.8 420.0 368.4 414.4 365.2
bezier
414.4 365.2 407.6 360.8 378.8 374.4 373.2 374.0
bezier
373.2 374.0 367.6 373.6 358.8 376.0 357.2 385.2
bezier
416.4 423.6 418.8 422.4 418.8 418.4 417.2 415.6
bezier
417.2 415.6 416.0 413.2 409.6 416.0 410.4 418.0
bezier
343.2 154.4 342.8 148.0 338.0 126.80000000000001 345.2 117.60000000000001
bezier
345.2 117.60000000000001 346.4 115.6 356.4 120.80000000000001 359.6 115.2
bezier
359.6 115.2 360.8 113.6 364.4 110.0 362.0 104.39999999999998
bezier
448.4 434.0 449.6 427.20000000000005 456.8 428.79999999999995 459.6 428.79999999999995
bezier
462.79999999999995 405.2 460.0 405.6 442.4 391.2 438.79999999999995 390.0
save
img004.png
clear
bezier
266.4 329.2 278.8 327.2 314.4 328.4 321.6 336.4
bezier
321.6 336.4 330.0 345.6 352.0 371.20000000000005 353.2 382.0
bezier
353.2 382.0 357.2 424.4 383.2 429.6 394.0 430.0
bezier
394.0 430.0 423.2 431.2 401.6 424.0 429.6 425.20000000000005
bezier
429.6 425.20000000000005 433.2 425.6 452.4 438.4 455.20000000000005 434.79999999999995
bezier
455.20000000000005 434.79999999999995 467.2 420.8 464.4 404.4 460.4 401.20000000000005
bezier
460.4 401.20000000000005 445.6 390.0 415.6 365.6 408.4 348.8
bezier
408.4 348.8 400.8 330.8 386.4 287.6 384.4 269.2
bezier
384.4 269.2 382.4 250.8 362.8 245.2 349.2 214.8
bezier
349.2 214.8 339.2 192.8 346.8 165.6 343.6 154.8
bezier
343.6 154.8 339.2 142.0 338.4 110.79999999999998 349.6 110.79999999999998
bezier
349.6 110.79999999999998 363.2 110.4 366.4 95.6 364.0 92.0
bezier
364.0 92.0 360.4 87.6 334.4 88.4 328.8 89.6
bezier
328.8 89.6 315.6 93.19999999999999 322.8 121.2 314.4 129.2
bezier
314.4 129.2 313.2 130.39999999999998 315.2 198.0 305.6 221.2
bezier
305.6 221.2 304.8 222.8 212.0 232.0 211.2 230.8
bezier
211.2 230.8 210.4 229.2 195.6 197.6 186.4 188.8
bezier
186.4 188.8 167.2 170.4 179.6 129.6 191.6 126.00000000000001
bezier
191.6 126.00000000000001 206.0 121.2 211.2 114.4 209.6 110.79999999999998
bezier
209.6 110.79999999999998 206.0 103.6 181.6 104.79999999999998 179.6 107.6
bezier
179.6 107.6 156.0 137.2 154.4 184.0 144.8 164.8
bezier
144.8 164.8 130.8 137.6 150.8 108.0 154.4 108.4
bezier
154.4 108.4 164.8 109.6 183.2 92.4 168.8 92.4
bezier
168.8 92.4 154.0 92.4 136.0 90.80000000000001 133.2 97.6
bezier
133.2 97.6 126.80000000000001 112.0 113.19999999999999 149.6 114.4 163.2
bezier
114.4 163.2 116.0 179.2 126.0 186.4 129.60000000000002 200.4
bezier
129.60000000000002 200.4 133.6 216.0 132.4 239.6 130.0 244.0
bezier
130.0 244.0 112.0 274.4 119.6 302.4 115.19999999999999 302.0
bezier
115.19999999999999 302.0 98.80000000000001 300.4 27.599999999999994 317.2 23.19999999999999 318.4
bezier
23.19999999999999 318.4 7.199999999999989 323.6 4.0 328.4 8.0 329.2
bezier
8.0 329.2 11.599999999999966 330.0 80.0 318.0 87.19999999999999 317.2
bezier
87.19999999999999 317.2 123.19999999999999 312.0 165.2 340.0 204.0 338.0
bezier
204.0 338.0 212.4 337.6 255.6 330.8 266.4 329.2
bezier
144.8 164.4 180.39999999999998 214.0 179.6 240.8 181.2 240.0
bezier
181.2 240.0 190.39999999999998 234.0 207.6 229.2 211.2 230.8
bezier
370.8 414.8 380.4 414.8 399.20000000000005 400.4 405.6 394.4
bezier
405.6 394.4 411.6 388.8 420.0 368.4 414.4 365.2
bezier
414.4 365.2 407.6 360.8 378.8 374.4 373.2 374.0
bezier
373.2 374.0 367.6 373.6 358.8 376.0 357.2 385.2
bezier
416.4 423.6 418.8 422.4 418.8 418.4 417.2 415.6
bezier
417.2 415.6 416.0 413.2 409.6 416.0 410.4 418.0
bezier
343.2 154.4 342.8 148.0 338.0 126.80000000000001 345.2 117.60000000000001
bezier
345.2 117.60000000000001 346.4 115.6 356.4 120.80000000000001 359.6 115.2
bezier
359.6 115.2 360.8 113.6 364.4 110.0 362.0 104.39999999999998
bezier
448.4 434.0 449.6 427.20000000000005 456.8 428.79999999999995 459.6 428.79999999999995
bezier
462.79999999999995 405.2 460.0 405.6 442.4 391.2 438.79999999999995 390.0
save
img005.png
clear
bezier
266.4 329.2 278.8 327.2 314.4 328.4 321.6 336.4
bezier
321.6 336.4 330.0 345.6 352.0 371.20000000000005 353.2 382.0
bezier
353.2 382.0 357.2 424.4 383.2 429.6 394.0 430.0
bezier
394.0 430.0 423.2 431.2 401.6 424.0 429.6 425.20000000000005
bezier
429.6 425.20000000000005 433.2 425.6 452.4 438.4 455.20000000000005 434.79999999999995
bezier
455.20000000000005 434.79999999999995 467.2 420.8 464.4 404.4 460.4 401.20000000000005
bezier
460.4 401.20000000000005 445.6 390.0 415.6 365.6 408.4 348.8
bezier
408.4 348.8 400.8 330.8 386.4 287.6 384.4 269.2
bezier
384.4 269.2 382.4 250.8 362.8 245.2 349.2 214.8
bezier
349.2 214.8 339.2 192.8 346.8 165.6 343.6 154.8
bezier
343.6 154.8 339.2 142.0 338.4 110.79999999999998 349.6 110.79999999999998
bezier
349.6 110.79999999999998 363.2 110.4 366.4 95.6 364.0 92.0
bezier
364.0 92.0 360.4 87.6 334.4 88.4 328.8 89.6
bezier
328.8 89.6 315.6 93.19999999999999 322.8 121.2 314.4 129.2
bezier
314.4 129.2 313.2 130.39999999999998 315.2 198.0 305.6 221.2
bezier
305.6 221.2 304.8 222.8 212.0 232.0 211.2 230.8
bezier
211.2 230.8 210.4 229.2 195.6 197.6 186.4 188.8
bezier
186.4 188.8 167.2 170.4 179.6 129.6 191.6 126.00000000000001
bezier
191.6 126.00000000000001 206.0 121.2 211.2 114.4 209.6 110.79999999999998
bezier
209.6 110.79999999999998 206.0 103.6 181.6 104.79999999999998 179.6 107.6
bezier
179.6 107.6 156.0 137.2 154.4 184.0 144.8 164.8
bezier
144.8 164.8 130.8 137.6 150.8 108.0 154.4 108.4
bezier
154.4 108.4 164.8 109.6 183.2 92.4 168.8 92.4
bezier
168.8 92.4 154.0 92.4 136.0 90.80000000000001 133.2 97.6
bezier
133.2 97.6 126.80000000000001 112.0 113.19999999999999 149.6 114.4 163.2
bezier
114.4 163.2 116.0 179.2 126.0 186.4 129.60000000000002 200.4
bezier
129.60000000000002 200.4 133.6 216.0 132.4 239.6 130.0 244.0
bezier
130.0 244.0 112.0 274.4 120.0 302.4 116.0 301.2
bezier
116.0 301.2 100.0 297.2 26.400000000000006 305.6 22.0 306.4
bezier
22.0 306.4 6.0 308.8 2.3999999999999773 313.2 6.800000000000011 314.8
bezier
6.800000000000011 314.8 10.0 316.0 79.20000000000002 312.0 86.4 312.0
bezier
86.4 312.0 122.4 312.4 165.2 340.0 204.0 338.0
bezier
204.0 338.0 212.4 337.6 255.6 330.8 266.4 329.2
bezier
144.8 164.4 180.39999999999998 214.0 179.6 240.8 181.2 240.0
bezier
181.2 240.0 190.39999999999998 234.0 207.6 229.2 211.2 230.8
bezier
370.8 414.8 380.4 414.8 399.20000000000005 400.4 405.6 394.4
bezier
405.6 394.4 411.6 388.8 420.0 368.4 414.4 365.2
bezier
414.4 365.2 407.6 360.8 378.8 374.4 373.2 374.0
bezier
373.2 374.0 367.6 373.6 358.8 376.0 357.2 385.2
bezier
416.4 423.6 418.8 422.4 418.8 418.4 417.2 415.6
bezier
417.2 415.6 416.0 413.2 409.6 416.0 410.4 418.0
bezier
343.2 154.4 342.8 148.0 338.0 126.80000000000001 345.2 117.60000000000001
bezier
345.2 117.60000000000001 346.4 115.6 356.4 120.80000000000001 359.6 115.2
bezier
359.6 115.2 360.8 113.6 364.4 110.0 362.0 104.39999999999998
bezier
448.4 434.0 449.6 427.20000000000005 456.8 428.79999999999995 459.6 428.79999999999995
bezier
462.79999999999995 405.2 460.0 405.6 442.4 391.2 438.79999999999995 390.0
save
img006.png
clear
bezier
266.4 329.2 278.8 327.2 314.4 328.4 321.6 336.4
bezier
321.6 336.4 330.0 345.6 352.0 371.20000000000005 353.2 382.0
bezier
353.2 382.0 357.2 424.4 383.2 429.6 394.0 430.0
bezier
394.0 430.0 423.2 431.2 401.6 424.0 429.6 425.20000000000005
bezier
429.6 425.20000000000005 433.2 425.6 452.4 438.4 455.20000000000005 434.79999999999995
bezier
455.20000000000005 434.79999999999995 467.2 420.8 464.4 404.4 460.4 401.20000000000005
bezier
460.4 401.20000000000005 445.6 390.0 415.6 365.6 408.4 348.8
bezier
408.4 348.8 400.8 330.8 386.4 287.6 384.4 269.2
bezier
384.4 269.2 382.4 250.8 362.8 245.2 349.2 214.8
bezier
349.2 214.8 339.2 192.8 346.8 165.6 343.6 154.8
bezier
343.6 154.8 339.2 142.0 338.4 110.79999999999998 349.6 110.79999999999998
bezier
349.6 110.79999999999998 363.2 110.4 366.4 95.6 364.0 92.0
bezier
364.0 92.0 360.4 87.6 334.4 88.4 328.8 89.6
bezier
328.8 89.6 315.6 93.19999999999999 322.8 121.2 314.4 129.2
bezier
314.4 129.2 313.2 130.39999999999998 315.2 198.0 305.6 221.2
bezier
305.6 221.2 304.8 222.8 212.0 232.0 211.2 230.8
bezier
211.2 230.8 210.4 229.2 195.6 197.6 186.4 188.8
bezier
186.4 188.8 167.2 170.4 179.6 129.6 191.6 126.00000000000001
bezier
191.6 126.00000000000001 206.0 121.2 211.2 114.4 209.6 110.79999999999998
bezier
209.6 110.79999999999998 206.0 103.6 181.6 104.79999999999998 179.6 107.6
bezier
179.6 107.6 156.0 137.2 154.4 184.0 144.8 164.8
bezier
144.8 164.8 130.8 137.6 150.8 108.0 154.4 108.4
bezier
154.4 108.4 164.8 109.6 183.2 92.4 168.8 92.4
bezier
168.8 92.4 154.0 92.4 136.0 90.80000000000001 133.2 97.6
bezier
133.2 97.6 126.80000000000001 112.0 113.19999999999999 149.6 114.4 163.2
bezier
114.4 163.2 116.0 179.2 126.0 186.4 129.60000000000002 200.4
bezier
129.60000000000002 200.4 133.6 216.0 132.4 239.6 130.0 244.0
bezier
130.0 244.0 112.0 274.4 120.80000000000001 302.4 116.80000000000001 300.4
bezier
116.80000000000001 300.4 101.6 294.0 27.599999999999994 294.0 23.19999999999999 294.0
bezier
23.19999999999999 294.0 6.800000000000011 294.0 3.1999999999999886 298.0 7.199999999999989 300.0
bezier
7.199999999999989 300.0 10.800000000000011 301.6 78.4 306.0 85.6 306.8
bezier
85.6 306.8 121.6 312.4 165.2 340.0 204.0 338.0
bezier
204.0 338.0 212.4 337.6 255.6 330.8 266.4 329.2
bezier
144.8 164.4 180.39999999999998 214.0 179.6 240.8 181.2 240.0
bezier
181.2 240.0 190.39999999999998 234.0 207.6 229.2 211.2 230.8
bezier
370.8 414.8 380.4 414.8 399.20000000000005 400.4 405.6 394.4
bezier
405.6 394.4 411.6 388.8 420.0 368.4 414.4 365.2
bezier
414.4 365.2 407.6 360.8 378.8 374.4 373.2 374.0
bezier
373.2 374.0 367.6 373.6 358.8 376.0 357.2 385.2
bezier
416.4 423.6 418.8 422.4 418.8 418.4 417.2 415.6
bezier
417.2 415.6 416.0 413.2 409.6 416.0 410.4 418.0
bezier
343.2 154.4 342.8 148.0 338.0 126.80000000000001 345.2 117.60000000000001
bezier
345.2 117.60000000000001 346.4 115.6 356.4 120.80000000000001 359.6 115.2
bezier
359.6 115.2 360.8 113.6 364.4 110.0 362.0 104.39999999999998
bezier
448.4 434.0 449.6 427.20000000000005 456.8 428.79999999999995 459.6 428.79999999999995
bezier
462.79999999999995 405.2 460.0 405.6 442.4 391.2 438.79999999999995 390.0
save
img007.png
clear
bezier
266.4 329.2 278.8 327.2 314.4 328.4 321.6 336.4
bezier
321.6 336.4 330.0 345.6 352.0 371.20000000000005 353.2 382.0
bezier
353.2 382.0 357.2 424.4 383.2 429.6 394.0 430.0
bezier
394.0 430.0 423.2 431.2 401.6 424.0 429.6 425.20000000000005
bezier
429.6 425.20000000000005 433.2 425.6 452.4 438.4 455.20000000000005 434.79999999999995
bezier
455.20000000000005 434.79999999999995 467.2 420.8 464.4 404.4 460.4 401.20000000000005
bezier
460.4 401.20000000000005 445.6 390.0 415.6 365.6 408.4 348.8
bezier
408.4 348.8 400.8 330.8 386.4 287.6 384.4 269.2
bezier
384.4 269.2 382.4 250.8 362.8 245.2 349.2 214.8
bezier
349.2 214.8 339.2 192.8 346.8 165.6 343.6 154.8
bezier
343.6 154.8 339.2 142.0 338.4 110.79999999999998 349.6 110.79999999999998
bezier
349.6 110.79999999999998 363.2 110.4 366.4 95.6 364.0 92.0
bezier
364.0 92.0 360.4 87.6 334.4 88.4 328.8 89.6
bezier
328.8 89.6 315.6 93.19999999999999 322.8 121.2 314.4 129.2
bezier
314.4 129.2 313.2 130.39999999999998 315.2 198.0 305.6 221.2
bezier
305.6 221.2 304.8 222.8 212.0 232.0 211.2 230.8
bezier
211.2 230.8 210.4 229.2 195.6 197.6 186.4 188.8
bezier
186.4 188.8 167.2 170.4 179.6 129.6 191.6 126.00000000000001
bezier
191.6 126.00000000000001 206.0 121.2 211.2 114.4 209.6 110.79999999999998
bezier
209.6 110.79999999999998 206.0 103.6 181.6 104.79999999999998 179.6 107.6
bezier
179.6 107.6 156.0 137.2 154.4 184.0 144.8 164.8
bezier
144.8 164.8 130.8 137.6 150.8 108.0 154.4 108.4
bezier
154.4 108.4 164.8 109.6 183.2 92.4 168.8 92.4
bezier
168.8 92.4 154.0 92.4 136.0 90.80000000000001 133.2 97.6
bezier
133.2 97.6 126.80000000000001 112.0 113.19999999999999 149.6 114.4 163.2
bezier
114.4 163.2 116.0 179.2 126.0 186.4 129.60000000000002 200.4
bezier
129.60000000000002 200.4 133.6 216.0 132.4 239.6 130.0 244.0
bezier
130.0 244.0 112.0 274.4 121.6 302.0 117.6 299.6
bezier
117.6 299.6 102.80000000000001 291.2 30.400000000000006 282.8 26.0 282.4
bezier
26.0 282.4 9.599999999999966 280.0 5.199999999999989 283.6 9.199999999999989 286.4
bezier
9.199999999999989 286.4 12.399999999999977 288.4 77.6 300.0 84.79999999999998 302.0
bezier
84.79999999999998 302.0 120.80000000000001 312.8 165.2 340.0 204.0 338.0
bezier
204.0 338.0 212.4 337.6 255.6 330.8 266.4 329.2
bezier
144.8 164.4 180.39999999999998 214.0 179.6 240.8 181.2 240.0
bezier
181.2 240.0 190.39999999999998 234.0 207.6 229.2 211.2 230.8
bezier
370.8 414.8 380.4 414.8 399.20000000000005 400.4 405.6 394.4
bezier
405.6 394.4 411.6 388.8 420.0 368.4 414.4 365.2
bezier
414.4 365.2 407.6 360.8 378.8 374.4 373.2 374.0
bezier
373.2 374.0 367.6 373.6 358.8 376.0 357.2 385.2
bezier
416.4 423.6 418.8 422.4 418.8 418.4 417.2 415.6
bezier
417.2 415.6 416.0 413.2 409.6 416.0 410.4 418.0
bezier
343.2 154.4 342.8 148.0 338.0 126.80000000000001 345.2 117.60000000000001
bezier
345.2 117.60000000000001 346.4 115.6 356.4 120.80000000000001 359.6 115.2
bezier
359.6 115.2 360.8 113.6 364.4 110.0 362.0 104.39999999999998
bezier
448.4 434.0 449.6 427.20000000000005 456.8 428.79999999999995 459.6 428.79999999999995
bezier
462.79999999999995 405.2 460.0 405.6 442.4 391.2 438.79999999999995 390.0
save
img008.png
clear
bezier
266.4 329.2 278.8 327.2 314.4 328.4 321.6 336.4
bezier
321.6 336.4 330.0 345.6 352.0 371.20000000000005 353.2 382.0
bezier
353.2 382.0 357.2 424.4 383.2 429.6 394.0 430.0
bezier
394.0 430.0 423.2 431.2 401.6 424.0 429.6 425.20000000000005
bezier
429.6 425.20000000000005 433.2 425.6 452.4 438.4 455.20000000000005 434.79999999999995
bezier
455.20000000000005 434.79999999999995 467.2 420.8 464.4 404.4 460.4 401.20000000000005
bezier
460.4 401.20000000000005 445.6 390.0 415.6 365.6 408.4 348.8
bezier
408.4 348.8 400.8 330.8 386.4 287.6 384.4 269.2
bezier
384.4 269.2 382.4 250.8 362.8 245.2 349.2 214.8
bezier
349.2 214.8 339.2 192.8 346.8 165.6 343.6 154.8
bezier
343.6 154.8 339.2 142.0 338.4 110.79999999999998 349.6 110.79999999999998
bezier
349.6 110.79999999999998 363.2 110.4 366.4 95.6 364.0 92.0
bezier
364.0 92.0 360.4 87.6 334.4 88.4 328.8 89.6
bezier
328.8 89.6 315.6 93.19999999999999 322.8 121.2 314.4 129.2
bezier
314.4 129.2 313.2 130.39999999999998 315.2 198.0 305.6 221.2
bezier
305.6 221.2 304.8 222.8 212.0 232.0 211.2 230.8
bezier
211.2 230.8 210.4 229.2 195.6 197.6 186.4 188.8
bezier
186.4 188.8 167.2 170.4 179.6 129.6 191.6 126.00000000000001
bezier
191.6 126.00000000000001 206.0 121.2 211.2 114.4 209.6 110.79999999999998
bezier
209.6 110.79999999999998 206.0 103.6 181.6 104.79999999999998 179.6 107.6
bezier
179.6 107.6 156.0 137.2 154.4 184.0 144.8 164.8
bezier
144.8 164.8 130.8 137.6 150.8 108.0 154.4 108.4
bezier
154.4 108.4 164.8 109.6 183.2 92.4 168.8 92.4
bezier
168.8 92.4 154.0 92.4 136.0 90.80000000000001 133.2 97.6
bezier
133.2 97.6 126.80000000000001 112.0 113.19999999999999 149.6 114.4 163.2
bezier
114.4 163.2 116.0 179.2 126.0 186.4 129.60000000000002 200.4
bezier
129.60000000000002 200.4 133.6 216.0 132.4 239.6 130.0 244.0
bezier
130.0 244.0 112.0 274.4 122.0 302.0 118.0 299.2
bezier
118.0 299.2 104.0 288.4 34.0 273.2 29.600000000000023 272.0
bezier
29.600000000000023 272.0 12.800000000000011 268.0 8.0 271.2 11.599999999999966 274.0
bezier
11.599999999999966 274.0 14.799999999999983 276.8 76.80000000000001 294.8 84.0 298.0
bezier
84.0 298.0 120.4 312.8 165.2 340.0 204.0 338.0
bezier
204.0 338.0 212.4 337.6 255.6 330.8 266.4 329.2
bezier
144.8 164.4 180.39999999999998 214.0 179.6 240.8 181.2 240.0
bezier
181.2 240.0 190.39999999999998 234.0 207.6 229.2 211.2 230.8
bezier
370.8 414.8 380.4 414.8 399.20000000000005 400.4 405.6 394.4
bezier
405.6 394.4 411.6 388.8 420.0 368.4 414.4 365.2
bezier
414.4 365.2 407.6 360.8 378.8 374.4 373.2 374.0
bezier
373.2 374.0 367.6 373.6 358.8 376.0 357.2 385.2
bezier
416.4 423.6 418.8 422.4 418.8 418.4 417.2 415.6
bezier
417.2 415.6 416.0 413.2 409.6 416.0 410.4 418.0
bezier
343.2 154.4 342.8 148.0 338.0 126.80000000000001 345.2 117.60000000000001
bezier
345.2 117.60000000000001 346.4 115.6 356.4 120.80000000000001 359.6 115.2
bezier
359.6 115.2 360.8 113.6 364.4 110.0 362.0 104.39999999999998
bezier
448.4 434.0 449.6 427.20000000000005 456.8 428.79999999999995 459.6 428.79999999999995
bezier
462.79999999999995 405.2 460.0 405.6 442.4 391.2 438.79999999999995 390.0
save
img009.png
clear
bezier
266.4 329.2 278.8 327.2 314.4 328.4 321.6 336.4
bezier
321.6 336.4 330.0 345.6 352.0 371.20000000000005 353.2 382.0
bezier
353.2 382.0 357.2 424.4 383.2 429.6 394.0 430.0
bezier
394.0 430.0 423.2 431.2 401.6 424.0 429.6 425.20000000000005
bezier
429.6 425.20000000000005 433.2 425.6 452.4 438.4 455.20000000000005 434.79999999999995
bezier
455.20000000000005 434.79999999999995 467.2 420.8 464.4 404.4 460.4 401.20000000000005
bezier
460.4 401.20000000000005 445.6 390.0 415.6 365.6 408.4 348.8
bezier
408.4 348.8 400.8 330.8 386.4 287.6 384.4 269.2
bezier
384.4 269.2 382.4 250.8 362.8 245.2 349.2 214.8
bezier
349.2 214.8 339.2 192.8 346.8 165.6 343.6 154.8
bezier
343.6 154.8 339.2 142.0 338.4 110.79999999999998 349.6 110.79999999999998
bezier
349.6 110.79999999999998 363.2 110.4 366.4 95.6 364.0 92.0
bezier
364.0 92.0 360.4 87.6 334.4 88.4 328.8 89.6
bezier
328.8 89.6 315.6 93.19999999999999 322.8 121.2 314.4 129.2
bezier
314.4 129.2 313.2 130.39999999999998 315.2 198.0 305.6 221.2
bezier
305.6 221.2 304.8 222.8 212.0 232.0 211.2 230.8
bezier
211.2 230.8 210.4 229.2 195.6 197.6 186.4 188.8
bezier
186.4 188.8 167.2 170.4 179.6 129.6 191.6 126.00000000000001
bezier
191.6 126.00000000000001 206.0 121.2 211.2 114.4 209.6 110.79999999999998
bezier
209.6 110.79999999999998 206.0 103.6 181.6 104.79999999999998 179.6 107.6
bezier
179.6 107.6 156.0 137.2 154.4 184.0 144.8 164.8
bezier
144.8 164.8 130.8 137.6 150.8 108.0 154.4 108.4
bezier
154.4 108.4 164.8 109.6 183.2 92.4 168.8 92.4
bezier
168.8 92.4 154.0 92.4 136.0 90.80000000000001 133.2 97.6
bezier
133.2 97.6 126.80000000000001 112.0 113.19999999999999 149.6 114.4 163.2
bezier
114.4 163.2 116.0 179.2 126.0 186.4 129.60000000000002 200.4
bezier
129.60000000000002 200.4 133.6 216.0 132.4 239.6 130.0 244.0
bezier
130.0 244.0 112.0 274.4 122.4 302.0 118.80000000000001 298.8
bezier
118.80000000000001 298.8 104.80000000000001 286.4 38.00000000000003 265.2 33.20000000000002 264.0
bezier
33.20000000000002 264.0 16.0 258.0 10.399999999999977 261.2 14.0 264.4
bezier
14.0 264.4 17.19999999999999 267.6 76.4 290.8 83.6 294.4
bezier
83.6 294.4 119.6 312.8 165.2 340.0 204.0 338.0
bezier
204.0 338.0 212.4 337.6 255.6 330.8 266.4 329.2
bezier
144.8 164.4 180.39999999999998 214.0 179.6 240.8 181.2 240.0
bezier
181.2 240.0 190.39999999999998 234.0 207.6 229.2 211.2 230.8
bezier
370.8 414.8 380.4 414.8 399.20000000000005 400.4 405.6 394.4
bezier
405.6 394.4 411.6 388.8 420.0 368.4 414.4 365.2
bezier
414.4 365.2 407.6 360.8 378.8 374.4 373.2 374.0
bezier
373.2 374.0 367.6 373.6 358.8 376.0 357.2 385.2
bezier
416.4 423.6 418.8 422.4 418.8 418.4 417.2 415.6
bezier
417.2 415.6 416.0 413.2 409.6 416.0 410.4 418.0
bezier
343.2 154.4 342.8 148.0 338.0 126.80000000000001 345.2 117.60000000000001
bezier
345.2 117.60000000000001 346.4 115.6 356.4 120.80000000000001 359.6 115.2
bezier
359.6 115.2 360.8 113.6 364.4 110.0 362.0 104.39999999999998
bezier
448.4 434.0 449.6 427.20000000000005 456.8 428.79999999999995 459.6 428.79999999999995
bezier
462.79999999999995 405.2 460.0 405.6 442.4 391.2 438.79999999999995 390.0
save
img010.png
clear
bezier
266.4 329.2 278.8 327.2 314.4 328.4 321.6 336.4
bezier
321.6 336.4 330.0 345.6 352.0 371.20000000000005 353.2 382.0
bezier
353.2 382.0 357.2 424.4 383.2 429.6 394.0 430.0
bezier
394.0 430.0 423.2 431.2 401.6 424.0 429.6 425.20000000000005
bezier
429.6 425.20000000000005 433.2 425.6 452.4 438.4 455.20000000000005 434.79999999999995
bezier
455.20000000000005 434.79999999999995 467.2 420.8 464.4 404.4 460.4 401.20000000000005
bezier
460.4 401.20000000000005 445.6 390.0 415.6 365.6 408.4 348.8
bezier
408.4 348.8 400.8 330.8 386.4 287.6 384.4 269.2
bezier
384.4 269.2 382.4 250.8 362.8 245.2 349.2 214.8
bezier
349.2 214.8 339.2 192.8 346.8 165.6 343.6 154.8
bezier
343.6 154.8 339.2 142.0 338.4 110.79999999999998 349.6 110.79999999999998
bezier
349.6 110.79999999999998 363.2 110.4 366.4 95.6 364.0 92.0
bezier
364.0 92.0 360.4 87.6 334.4 88.4 328.8 89.6
bezier
328.8 89.6 315.6 93.19999999999999 322.8 121.2 314.4 129.2
bezier
314.4 129.2 313.2 130.39999999999998 315.2 198.0 305.6 221.2
bezier
305.6 221.2 304.8 222.8 212.0 232.0 211.2 230.8
bezier
211.2 230.8 210.4 229.2 195.6 197.6 186.4 188.8
bezier
186.4 188.8 167.2 170.4 179.6 129.6 191.6 126.00000000000001
bezier
191.6 126.00000000000001 206.0 121.2 211.2 114.4 209.6 110.79999999999998
bezier
209.6 110.79999999999998 206.0 103.6 181.6 104.79999999999998 179.6 107.6
bezier
179.6 107.6 156.0 137.2 154.4 184.0 144.8 164.8
bezier
144.8 164.8 130.8 137.6 150.8 108.0 154.4 108.4
bezier
154.4 108.4 164.8 109.6 183.2 92.4 168.8 92.4
bezier
168.8 92.4 154.0 92.4 136.0 90.80000000000001 133.2 97.6
bezier
133.2 97.6 126.80000000000001 112.0 113.19999999999999 149.6 114.4 163.2
bezier
114.4 163.2 116.0 179.2 126.0 186.4 129.60000000000002 200.4
bezier
129.60000000000002 200.4 133.6 216.0 132.4 239.6 130.0 244.0
bezier
130.0 244.0 112.0 274.4 122.80000000000001 301.6 119.19999999999999 298.4
bezier
119.19999999999999 298.4 105.60000000000002 285.2 40.80000000000001 260.0 36.0 258.4
bezier
36.0 258.4 18.400000000000006 251.6 12.399999999999977 254.4 16.0 258.0
bezier
16.0 258.0 18.80000000000001 261.2 76.0 288.0 83.19999999999999 292.4
bezier
83.19999999999999 292.4 119.19999999999999 312.8 165.2 340.0 204.0 338.0
bezier
204.0 338.0 212.4 337.6 255.6 330.8 266.4 329.2
bezier
144.8 164.4 180.39999999999998 214.0 179.6 240.8 181.2 240.0
bezier
181.2 240.0 190.39999999999998 234.0 207.6 229.2 211.2 230.8
bezier
370.8 414.8 380.4 414.8 399.20000000000005 400.4 405.6 394.4
bezier
405.6 394.4 411.6 388.8 420.0 368.4 414.4 365.2
bezier
414.4 365.2 407.6 360.8 378.8 374.4 373.2 374.0
bezier
373.2 374.0 367.6 373.6 358.8 376.0 357.2 385.2
bezier
416.4 423.6 418.8 422.4 418.8 418.4 417.2 415.6
bezier
417.2 415.6 416.0 413.2 409.6 416.0 410.4 418.0
bezier
343.2 154.4 342.8 148.0 338.0 126.80000000000001 345.2 117.60000000000001
bezier
345.2 117.60000000000001 346.4 115.6 356.4 120.80000000000001 359.6 115.2
bezier
359.6 115.2 360.8 113.6 364.4 110.0 362.0 104.39999999999998
bezier
448.4 434.0 449.6 427.20000000000005 456.8 428.79999999999995 459.6 428.79999999999995
bezier
462.79999999999995 405.2 460.0 405.6 442.4 391.2 438.79999999999995 390.0
save
img011.png
clear
bezier
266.4 329.2 278.8 327.2 314.4 328.4 321.6 336.4
bezier
321.6 336.4 330.0 345.6 352.0 371.20000000000005 353.2 382.0
bezier
353.2 382.0 357.2 424.4 383.2 429.6 394.0 430.0
bezier
394.0 430.0 423.2 431.2 401.6 424.0 429.6 425.20000000000005
bezier
429.6 425.20000000000005 433.2 425.6 452.4 438.4 455.20000000000005 434.79999999999995
bezier
455.20000000000005 434.79999999999995 467.2 420.8 464.4 404.4 460.4 401.20000000000005
bezier
460.4 401.20000000000005 445.6 390.0 415.6 365.6 408.4 348.8
bezier
408.4 348.8 400.8 330.8 386.4 287.6 384.4 269.2
bezier
384.4 269.2 382.4 250.8 362.8 245.2 349.2 214.8
bezier
349.2 214.8 339.2 192.8 346.8 165.6 343.6 154.8
bezier
343.6 154.8 339.2 142.0 338.4 110.79999999999998 349.6 110.79999999999998
bezier
349.6 110.79999999999998 363.2 110.4 366.4 95.6 364.0 92.0
bezier
364.0 92.0 360.4 87.6 334.4 88.4 328.8 89.6
bezier
328.8 89.6 315.6 93.19999999999999 322.8 121.2 314.4 129.2
bezier
314.4 129.2 313.2 130.39999999999998 315.2 198.0 305.6 221.2
bezier
305.6 221.2 304.8 222.8 212.0 232.0 211.2 230.8
bezier
211.2 230.8 210.4 229.2 195.6 197.6 186.4 188.8
bezier
186.4 188.8 167.2 170.4 179.6 129.6 191.6 126.00000000000001
bezier
191.6 126.00000000000001 206.0 121.2 211.2 114.4 209.6 110.79999999999998
bezier
209.6 110.79999999999998 206.0 103.6 181.6 104.79999999999998 179.6 107.6
bezier
179.6 107.6 156.0 137.2 154.4 184.0 144.8 164.8
bezier
144.8 164.8 130.8 137.6 150.8 108.0 154.4 108.4
bezier
154.4 108.4 164.8 109.6 183.2 92.4 168.8 92.4
bezier
168.8 92.4 154.0 92.4 136.0 90.80000000000001 133.2 97.6
bezier
133.2 97.6 126.80000000000001 112.0 113.19999999999999 149.6 114.4 163.2
bezier
114.4 163.2 116.0 179.2 126.0 186.4 129.60000000000002 200.4
bezier
129.60000000000002 200.4 133.6 216.0 132.4 239.6 130.0 244.0
bezier
130.0 244.0 112.0 274.4 122.80000000000001 301.6 119.19999999999999 298.0
bezier
119.19999999999999 298.0 105.60000000000002 284.8 42.00000000000003 258.4 37.20000000000002 256.4
bezier
37.20000000000002 256.4 19.19999999999999 249.6 13.199999999999989 252.0 16.400000000000006 255.6
bezier
16.400000000000006 255.6 19.599999999999994 259.2 76.0 287.2 83.19999999999999 291.6
bezier
83.19999999999999 291.6 119.19999999999999 313.2 165.2 340.0 204.0 338.0
bezier
204.0 338.0 212.4 337.6 255.6 330.8 266.4 329.2
bezier
144.8 164.4 180.39999999999998 214.0 179.6 240.8 181.2 240.0
bezier
181.2 240.0 190.39999999999998 234.0 207.6 229.2 211.2 230.8
bezier
370.8 414.8 380.4 414.8 399.20000000000005 400.4 405.6 394.4
bezier
405.6 394.4 411.6 388.8 420.0 368.4 414.4 365.2
bezier
414.4 365.2 407.6 360.8 378.8 374.4 373.2 374.0
bezier
373.2 374.0 367.6 373.6 358.8 376.0 357.2 385.2
bezier
416.4 423.6 418.8 422.4 418.8 418.4 417.2 415.6
bezier
417.2 415.6 416.0 413.2 409.6 416.0 410.4 418.0
bezier
343.2 154.4 342.8 148.0 338.0 126.80000000000001 345.2 117.60000000000001
bezier
345.2 117.60000000000001 346.4 115.6 356.4 120.80000000000001 359.6 115.2
bezier
359.6 115.2 360.8 113.6 364.4 110.0 362.0 104.39999999999998
bezier
448.4 434.0 449.6 427.20000000000005 456.8 428.79999999999995 459.6 428.79999999999995
bezier
462.79999999999995 405.2 460.0 405.6 442.4 391.2 438.79999999999995 390.0
save
img012.png
clear
bezier
266.4 329.2 278.8 327.2 314.4 328.4 321.6 336.4
bezier
321.6 336.4 330.0 345.6 352.0 371.20000000000005 353.2 382.0
bezier
353.2 382.0 357.2 424.4 383.2 429.6 394.0 430.0
bezier
394.0 430.0 423.2 431.2 401.6 424.0 429.6 425.20000000000005
bezier
429.6 425.20000000000005 433.2 425.6 452.4 438.4 455.20000000000005 434.79999999999995
bezier
455.20000000000005 434.79999999999995 467.2 420.8 464.4 404.4 460.4 401.20000000000005
bezier
460.4 401.20000000000005 445.6 390.0 415.6 365.6 408.4 348.8
bezier
408.4 348.8 400.8 330.8 386.4 287.6 384.4 269.2
bezier
384.4 269.2 382.4 250.8 362.8 245.2 349.2 214.8
bezier
349.2 214.8 339.2 192.8 346.8 165.6 343.6 154.8
bezier
343.6 154.8 339.2 142.0 338.4 110.79999999999998 349.6 110.79999999999998
bezier
349.6 110.79999999999998 363.2 110.4 366.4 95.6 364.0 92.0
bezier
364.0 92.0 360.4 87.6 334.4 88.4 328.8 89.6
bezier
328.8 89.6 315.6 93.19999999999999 322.8 121.2 314.4 129.2
bezier
314.4 129.2 313.2 130.39999999999998 315.2 198.0 305.6 221.2
bezier
305.6 221.2 304.8 222.8 212.0 232.0 211.2 230.8
bezier
211.2 230.8 210.4 229.2 195.6 197.6 186.4 188.8
bezier
186.4 188.8 167.2 170.4 179.6 129.6 191.6 126.00000000000001
bezier
191.6 126.00000000000001 206.0 121.2 211.2 114.4 209.6 110.79999999999998
bezier
209.6 110.79999999999998 206.0 103.6 181.6 104.79999999999998 179.6 107.6
bezier
179.6 107.6 156.0 137.2 154.4 184.0 144.8 164.8
bezier
144.8 164.8 130.8 137.6 150.8 108.0 154.4 108.4
bezier
154.4 108.4 164.8 109.6 183.2 92.4 168.8 92.4
bezier
168.8 92.4 154.0 92.4 136.0 90.80000000000001 133.2 97.6
bezier
133.2 97.6 126.80000000000001 112.0 113.19999999999999 149.6 114.4 163.2
bezier
114.4 163.2 116.0 179.2 126.0 186.4 129.60000000000002 200.4
bezier
129.60000000000002 200.4 133.6 216.0 132.4 239.6 130.0 244.0
bezier
130.0 244.0 112.0 274.4 122.80000000000001 301.6 119.19999999999999 298.4
bezier
119.19999999999999 298.4 105.60000000000002 285.2 40.80000000000001 260.0 36.0 258.4
bezier
36.0 258.4 18.400000000000006 251.6 12.399999999999977 254.4 16.0 258.0
bezier
16.0 258.0 18.80000000000001 261.2 76.0 288.0 83.19999999999999 292.4
bezier
83.19999999999999 292.4 119.19999999999999 312.8 165.2 340.0 204.0 338.0
bezier
204.0 338.0 212.4 337.6 255.6 330.8 266.4 329.2
bezier
144.8 164.4 180.39999999999998 214.0 179.6 240.8 181.2 240.0
bezier
181.2 240.0 190.39999999999998 234.0 207.6 229.2 211.2 230.8
bezier
370.8 414.8 380.4 414.8 399.20000000000005 400.4 405.6 394.4
bezier
405.6 394.4 411.6 388.8 420.0 368.4 414.4 365.2
bezier
414.4 365.2 407.6 360.8 378.8 374.4 373.2 374.0
bezier
373.2 374.0 367.6 373.6 358.8 376.0 357.2 385.2
bezier
416.4 423.6 418.8 422.4 418.8 418.4 417.2 415.6
bezier
417.2 415.6 416.0 413.2 409.6 416.0 410.4 418.0
bezier
343.2 154.4 342.8 148.0 338.0 126.80000000000001 345.2 117.60000000000001
bezier
345.2 117.60000000000001 346.4 115.6 356.4 120.80000000000001 359.6 115.2
bezier
359.6 115.2 360.8 113.6 364.4 110.0 362.0 104.39999999999998
bezier
448.4 434.0 449.6 427.20000000000005 456.8 428.79999999999995 459.6 428.79999999999995
bezier
462.79999999999995 405.2 460.0 405.6 442.4 391.2 438.79999999999995 390.0
save
img013.png
clear
bezier
266.4 329.2 278.8 327.2 314.4 328.4 321.6 336.4
bezier
321.6 336.4 330.0 345.6 352.0 371.20000000000005 353.2 382.0
bezier
353.2 382.0 357.2 424.4 383.2 429.6 394.0 430.0
bezier
394.0 430.0 423.2 431.2 401.6 424.0 429.6 425.20000000000005
bezier
429.6 425.20000000000005 433.2 425.6 452.4 438.4 455.20000000000005 434.79999999999995
bezier
455.20000000000005 434.79999999999995 467.2 420.8 464.4 404.4 460.4 401.20000000000005
bezier
460.4 401.20000000000005 445.6 390.0 415.6 365.6 408.4 348.8
bezier
408.4 348.8 400.8 330.8 386.4 287.6 384.4 269.2
bezier
384.4 269.2 382.4 250.8 362.8 245.2 349.2 214.8
bezier
349.2 214.8 339.2 192.8 346.8 165.6 343.6 154.8
bezier
343.6 154.8 339.2 142.0 338.4 110.79999999999998 349.6 110.79999999999998
bezier
349.6 110.79999999999998 363.2 110.4 366.4 95.6 364.0 92.0
bezier
364.0 92.0 360.4 87.6 334.4 88.4 328.8 89.6
bezier
328.8 89.6 315.6 93.19999999999999 322.8 121.2 314.4 129.2
bezier
314.4 129.2 313.2 130.39999999999998 315.2 198.0 305.6 221.2
bezier
305.6 221.2 304.8 222.8 212.0 232.0 211.2 230.8
bezier
211.2 230.8 210.4 229.2 195.6 197.6 186.4 188.8
bezier
186.4 188.8 167.2 170.4 179.6 129.6 191.6 126.00000000000001
bezier
191.6 126.00000000000001 206.0 121.2 211.2 114.4 209.6 110.79999999999998
bezier
209.6 110.79999999999998 206.0 103.6 181.6 104.79999999999998 179.6 107.6
bezier
179.6 107.6 156.0 137.2 154.4 184.0 144.8 164.8
bezier
144.8 164.8 130.8 137.6 150.8 108.0 154.4 108.4
bezier
154.4 108.4 164.8 109.6 183.2 92.4 168.8 92.4
bezier
168.8 92.4 154.0 92.4 136.0 90.80000000000001 133.2 97.6
bezier
133.2 97.6 126.80000000000001 112.0 113.19999999999999 149.6 114.4 163.2
bezier
114.4 163.2 116.0 179.2 126.0 186.4 129.60000000000002 200.4
bezier
129.60000000000002 200.4 133.6 216.0 132.4 239.6 130.0 244.0
bezier
130.0 244.0 112.0 274.4 122.4 302.0 118.80000000000001 298.8
bezier
118.80000000000001 298.8 104.80000000000001 286.4 38.00000000000003 265.2 33.20000000000002 264.0
bezier
33.20000000000002 264.0 16.0 258.0 10.399999999999977 261.2 14.0 264.4
bezier
14.0 264.4 17.19999999999999 267.6 76.4 290.8 83.6 294.4
bezier
83.6 294.4 119.6 312.8 165.2 340.0 204.0 338.0
bezier
204.0 338.0 212.4 337.6 255.6 330.8 266.4 329.2
bezier
144.8 164.4 180.39999999999998 214.0 179.6 240.8 181.2 240.0
bezier
181.2 240.0 190.39999999999998 234.0 207.6 229.2 211.2 230.8
bezier
370.8 414.8 380.4 414.8 399.20000000000005 400.4 405.6 394.4
bezier
405.6 394.4 411.6 388.8 420.0 368.4 414.4 365.2
bezier
414.4 365.2 407.6 360.8 378.8 374.4 373.2 374.0
bezier
373.2 374.0 367.6 373.6 358.8 376.0 357.2 385.2
bezier
416.4 423.6 418.8 422.4 418.8 418.4 417.2 415.6
bezier
417.2 415.6 416.0 413.2 409.6 416.0 410.4 418.0
bezier
343.2 154.4 342.8 148.0 338.0 126.80000000000001 345.2 117.60000000000001
bezier
345.2 117.60000000000001 346.4 115.6 356.4 120.80000000000001 359.6 115.2
bezier
359.6 115.2 360.8 113.6 364.4 110.0 362.0 104.39999999999998
bezier
448.4 434.0 449.6 427.20000000000005 456.8 428.79999999999995 459.6 428.79999999999995
bezier
462.79999999999995 405.2 460.0 405.6 442.4 391.2 438.79999999999995 390.0
save
img014.png
clear
bezier
266.4 329.2 278.8 327.2 314.4 328.4 321.6 336.4
bezier
321.6 336.4 330.0 345.6 352.0 371.20000000000005 353.2 382.0
bezier
353.2 382.0 357.2 424.4 383.2 429.6 394.0 430.0
bezier
394.0 430.0 423.2 431.2 401.6 424.0 429.6 425.20000000000005
bezier
429.6 425.20000000000005 433.2 425.6 452.4 438.4 455.20000000000005 434.79999999999995
bezier
455.20000000000005 434.79999999999995 467.2 420.8 464.4 404.4 460.4 401.20000000000005
bezier
460.4 401.20000000000005 445.6 390.0 415.6 365.6 408.4 348.8
bezier
408.4 348.8 400.8 330.8 386.4 287.6 384.4 269.2
bezier
384.4 269.2 382.4 250.8 362.8 245.2 349.2 214.8
bezier
349.2 214.8 339.2 192.8 346.8 165.6 343.6 154.8
bezier
343.6 154.8 339.2 142.0 338.4 110.79999999999998 349.6 110.79999999999998
bezier
349.6 110.79999999999998 363.2 110.4 366.4 95.6 364.0 92.0
bezier
364.0 92.0 360.4 87.6 334.4 88.4 328.8 89.6
bezier
328.8 89.6 315.6 93.19999999999999 322.8 121.2 314.4 129.2
bezier
314.4 129.2 313.2 130.39999999999998 315.2 198.0 305.6 221.2
bezier
305.6 221.2 304.8 222.8 212.0 232.0 211.2 230.8
bezier
211.2 230.8 210.4 229.2 195.6 197.6 186.4 188.8
bezier
186.4 188.8 167.2 170.4 179.6 129.6 191.6 126.00000000000001
bezier
191.6 126.00000000000001 206.0 121.2 211.2 114.4 209.6 110.79999999999998
bezier
209.6 110.79999999999998 206.0 103.6 181.6 104.79999999999998 179.6 107.6
bezier
179.6 107.6 156.0 137.2 154.4 184.0 144.8 164.8
bezier
144.8 164.8 130.8 137.6 150.8 108.0 154.4 108.4
bezier
154.4 108.4 164.8 109.6 183.2 92.4 168.8 92.4
bezier
168.8 92.4 154.0 92.4 136.0 90.80000000000001 133.2 97.6
bezier
133.2 97.6 126.80000000000001 112.0 113.19999999999999 149.6 114.4 163.2
bezier
114.4 163.2 116.0 179.2 126.0 186.4 129.60000000000002 200.4
bezier
129.60000000000002 200.4 133.6 216.0 132.4 239.6 130.0 244.0
bezier
130.0 244.0 112.0 274.4 122.0 302.0 118.0 299.2
bezier
118.0 299.2 104.0 288.4 34.0 273.2 29.600000000000023 272.0
bezier
29.600000000000023 272.0 12.800000000000011 268.0 8.0 271.2 11.599999999999966 274.0
bezier
11.599999999999966 274.0 14.799999999999983 276.8 76.80000000000001 294.8 84.0 298.0
bezier
84.0 298.0 120.4 312.8 165.2 340.0 204.0 338.0
bezier
204.0 338.0 212.4 337.6 255.6 330.8 266.4 329.2
bezier
144.8 164.4 180.39999999999998 214.0 179.6 240.8 181.2 240.0
bezier
181.2 240.0 190.39999999999998 234.0 207.6 229.2 211.2 230.8
bezier
370.8 414.8 380.4 414.8 399.20000000000005 400.4 405.6 394.4
bezier
405.6 394.4 411.6 388.8 420.0 368.4 414.4 365.2
bezier
414.4 365.2 407.6 360.8 378.8 374.4 373.2 374.0
bezier
373.2 374.0 367.6 373.6 358.8 376.0 357.2 385.2
bezier
416.4 423.6 418.8 422.4 418.8 418.4 417.2 415.6
bezier
417.2 415.6 416.0 413.2 409.6 416.0 410.4 418.0
bezier
343.2 154.4 342.8 148.0 338.0 126.80000000000001 345.2 117.60000000000001
bezier
345.2 117.60000000000001 346.4 115.6 356.4 120.80000000000001 359.6 115.2
bezier
359.6 115.2 360.8 113.6 364.4 110.0 362.0 104.39999999999998
bezier
448.4 434.0 449.6 427.20000000000005 456.8 428.79999999999995 459.6 428.79999999999995
bezier
462.79999999999995 405.2 460.0 405.6 442.4 391.2 438.79999999999995 390.0
save
img015.png
clear
bezier
266.4 329.2 278.8 327.2 314.4 328.4 321.6 336.4
bezier
321.6 336.4 330.0 345.6 352.0 371.20000000000005 353.2 382.0
bezier
353.2 382.0 357.2 424.4 383.2 429.6 394.0 430.0
bezier
394.0 430.0 423.2 431.2 401.6 424.0 429.6 425.20000000000005
bezier
429.6 425.20000000000005 433.2 425.6 452.4 438.4 455.20000000000005 434.79999999999995
bezier
455.20000000000005 434.79999999999995 467.2 420.8 464.4 404.4 460.4 401.20000000000005
bezier
460.4 401.20000000000005 445.6 390.0 415.6 365.6 408.4 348.8
bezier
408.4 348.8 400.8 330.8 386.4 287.6 384.4 269.2
bezier
384.4 269.2 382.4 250.8 362.8 245.2 349.2 214.8
bezier
349.2 214.8 339.2 192.8 346.8 165.6 343.6 154.8
bezier
343.6 154.8 339.2 142.0 338.4 110.79999999999998 349.6 110.79999999999998
bezier
349.6 110.79999999999998 363.2 110.4 366.4 95.6 364.0 92.0
bezier
364.0 92.0 360.4 87.6 334.4 88.4 328.8 89.6
bezier
328.8 89.6 315.6 93.19999999999999 322.8 121.2 314.4 129.2
bezier
314.4 129.2 313.2 130.39999999999998 315.2 198.0 305.6 221.2
bezier
305.6 221.2 304.8 222.8 212.0 232.0 211.2 230.8
bezier
211.2 230.8 210.4 229.2 195.6 197.6 186.4 188.8
bezier
186.4 188.8 167.2 170.4 179.6 129.6 191.6 126.00000000000001
bezier
191.6 126.00000000000001 206.0 121.2 211.2 114.4 209.6 110.79999999999998
bezier
209.6 110.79999999999998 206.0 103.6 181.6 104.79999999999998 179.6 107.6
bezier
179.6 107.6 156.0 137.2 154.4 184.0 144.8 164.8
bezier
144.8 164.8 130.8 137.6 150.8 108.0 154.4 108.4
bezier
154.4 108.4 164.8 109.6 183.2 92.4 168.8 92.4
bezier
168.8 92.4 154.0 92.4 136.0 90.80000000000001 133.2 97.6
bezier
133.2 97.6 126.80000000000001 112.0 113.19999999999999 149.6 114.4 163.2
bezier
114.4 163.2 116.0 179.2 126.0 186.4 129.60000000000002 200.4
bezier
129.60000000000002 200.4 133.6 216.0 132.4 239.6 130.0 244.0
bezier
130.0 244.0 112.0 274.4 121.6 302.0 117.6 299.6
bezier
117.6 299.6 102.80000000000001 291.2 30.400000000000006 282.8 26.0 282.4
bezier
26.0 282.4 9.599999999999966 280.0 5.199999999999989 283.6 9.199999999999989 286.4
bezier
9.199999999999989 286.4 12.399999999999977 288.4 77.6 300.0 84.79999999999998 302.0
bezier
84.79999999999998 302.0 120.80000000000001 312.8 165.2 340.0 204.0 338.0
bezier
204.0 338.0 212.4 337.6 255.6 330.8 266.4 329.2
bezier
144.8 164.4 180.39999999999998 214.0 179.6 240.8 181.2 240.0
bezier
181.2 240.0 190.39999999999998 234.0 207.6 229.2 211.2 230.8
bezier
370.8 414.8 380.4 414.8 399.20000000000005 400.4 405.6 394.4
bezier
405.6 394.4 411.6 388.8 420.0 368.4 414.4 365.2
bezier
414.4 365.2 407.6 360.8 378.8 374.4 373.2 374.0
bezier
373.2 374.0 367.6 373.6 358.8 376.0 357.2 385.2
bezier
416.4 423.6 418.8 422.4 418.8 418.4 417.2 415.6
bezier
417.2 415.6 416.0 413.2 409.6 416.0 410.4 418.0
bezier
343.2 154.4 342.8 148.0 338.0 126.80000000000001 345.2 117.60000000000001
bezier
345.2 117.60000000000001 346.4 115.6 356.4 120.80000000000001 359.6 115.2
bezier
359.6 115.2 360.8 113.6 364.4 110.0 362.0 104.39999999999998
bezier
448.4 434.0 449.6 427.20000000000005 456.8 428.79999999999995 459.6 428.79999999999995
bezier
462.79999999999995 405.2 460.0 405.6 442.4 391.2 438.79999999999995 390.0
save
img016.png
clear
bezier
266.4 329.2 278.8 327.2 314.4 328.4 321.6 336.4
bezier
321.6 336.4 330.0 345.6 352.0 371.20000000000005 353.2 382.0
bezier
353.2 382.0 357.2 424.4 383.2 429.6 394.0 430.0
bezier
394.0 430.0 423.2 431.2 401.6 424.0 429.6 425.20000000000005
bezier
429.6 425.20000000000005 433.2 425.6 452.4 438.4 455.20000000000005 434.79999999999995
bezier
455.20000000000005 434.79999999999995 467.2 420.8 464.4 404.4 460.4 401.20000000000005
bezier
460.4 401.20000000000005 445.6 390.0 415.6 365.6 408.4 348.8
bezier
408.4 348.8 400.8 330.8 386.4 287.6 384.4 269.2
bezier
384.4 269.2 382.4 250.8 362.8 245.2 349.2 214.8
bezier
349.2 214.8 339.2 192.8 346.8 165.6 343.6 154.8
bezier
343.6 154.8 339.2 142.0 338.4 110.79999999999998 349.6 110.79999999999998
bezier
349.6 110.79999999999998 363.2 110.4 366.4 95.6 364.0 92.0
bezier
364.0 92.0 360.4 87.6 334.4 88.4 328.8 89.6
bezier
328.8 89.6 315.6 93.19999999999999 322.8 121.2 314.4 129.2
bezier
314.4 129.2 313.2 130.39999999999998 315.2 198.0 305.6 221.2
bezier
305.6 221.2 304.8 222.8 212.0 232.0 211.2 230.8
bezier
211.2 230.8 210.4 229.2 195.6 197.6 186.4 188.8
bezier
186.4 188.8 167.2 170.4 179.6 129.6 191.6 126.00000000000001
bezier
191.6 126.00000000000001 206.0 121.2 211.2 114.4 209.6 110.79999999999998
bezier
209.6 110.79999999999998 206.0 103.6 181.6 104.79999999999998 179.6 107.6
bezier
179.6 107.6 156.0 137.2 154.4 184.0 144.8 164.8
bezier
144.8 164.8 130.8 137.6 150.8 108.0 154.4 108.4
bezier
154.4 108.4 164.8 109.6 183.2 92.4 168.8 92.4
bezier
168.8 92.4 154.0 92.4 136.0 90.80000000000001 133.2 97.6
bezier
133.2 97.6 126.80000000000001 112.0 113.19999999999999 149.6 114.4 163.2
bezier
114.4 163.2 116.0 179.2 126.0 186.4 129.60000000000002 200.4
bezier
129.60000000000002 200.4 133.6 216.0 132.4 239.6 130.0 244.0
bezier
130.0 244.0 112.0 274.4 120.80000000000001 302.4 116.80000000000001 300.4
bezier
116.80000000000001 300.4 101.6 294.0 27.599999999999994 294.0 23.19999999999999 294.0
bezier
23.19999999999999 294.0 6.800000000000011 294.0 3.1999999999999886 298.0 7.199999999999989 300.0
bezier
7.199999999999989 300.0 10.800000000000011 301.6 78.4 306.0 85.6 306.8
bezier
85.6 306.8 121.6 312.4 165.2 340.0 204.0 338.0
bezier
204.0 338.0 212.4 337.6 255.6 330.8 266.4 329.2
bezier
144.8 164.4 180.39999999999998 214.0 179.6 240.8 181.2 240.0
bezier
181.2 240.0 190.39999999999998 234.0 207.6 229.2 211.2 230.8
bezier
370.8 414.8 380.4 414.8 399.20000000000005 400.4 405.6 394.4
bezier
405.6 394.4 411.6 388.8 420.0 368.4 414.4 365.2
bezier
414.4 365.2 407.6 360.8 378.8 374.4 373.2 374.0
bezier
373.2 374.0 367.6 373.6 358.8 376.0 357.2 385.2
bezier
416.4 423.6 418.8 422.4 418.8 418.4 417.2 415.6
bezier
417.2 415.6 416.0 413.2 409.6 416.0 410.4 418.0
bezier
343.2 154.4 342.8 148.0 338.0 126.80000000000001 345.2 117.60000000000001
bezier
345.2 117.60000000000001 346.4 115.6 356.4 120.80000000000001 359.6 115.2
bezier
359.6 115.2 360.8 113.6 364.4 110.0 362.0 104.39999999999998
bezier
448.4 434.0 449.6 427.20000000000005 456.8 428.79999999999995 459.6 428.79999999999995
bezier
462.79999999999995 405.2 460.0 405.6 442.4 391.2 438.79999999999995 390.0
save
img017.png
clear
bezier
266.4 329.2 278.8 327.2 314.4 328.4 321.6 336.4
bezier
321.6 336.4 330.0 345.6 352.0 371.20000000000005 353.2 382.0
bezier
353.2 382.0 357.2 424.4 383.2 429.6 394.0 430.0
bezier
394.0 430.0 423.2 431.2 401.6 424.0 429.6 425.20000000000005
bezier
429.6 425.20000000000005 433.2 425.6 452.4 438.4 455.20000000000005 434.79999999999995
bezier
455.20000000000005 434.79999999999995 467.2 420.8 464.4 404.4 460.4 401.20000000000005
bezier
460.4 401.20000000000005 445.6 390.0 415.6 365.6 408.4 348.8
bezier
408.4 348.8 400.8 330.8 386.4 287.6 384.4 269.2
bezier
384.4 269.2 382.4 250.8 362.8 245.2 349.2 214.8
bezier
349.2 214.8 339.2 192.8 346.8 165.6 343.6 154.8
bezier
343.6 154.8 339.2 142.0 338.4 110.79999999999998 349.6 110.79999999999998
bezier
349.6 110.79999999999998 363.2 110.4 366.4 95.6 364.0 92.0
bezier
364.0 92.0 360.4 87.6 334.4 88.4 328.8 89.6
bezier
328.8 89.6 315.6 93.19999999999999 322.8 121.2 314.4 129.2
bezier
314.4 129.2 313.2 130.39999999999998 315.2 198.0 305.6 221.2
bezier
305.6 221.2 304.8 222.8 212.0 232.0 211.2 230.8
bezier
211.2 230.8 210.4 229.2 195.6 197.6 186.4 188.8
bezier
186.4 188.8 167.2 170.4 179.6 129.6 191.6 126.00000000000001
bezier
191.6 126.00000000000001 206.0 121.2 211.2 114.4 209.6 110.79999999999998
bezier
209.6 110.79999999999998 206.0 103.6 181.6 104.79999999999998 179.6 107.6
bezier
179.6 107.6 156.0 137.2 154.4 184.0 144.8 164.8
bezier
144.8 164.8 130.8 137.6 150.8 108.0 154.4 108.4
bezier
154.4 108.4 164.8 109.6 183.2 92.4 168.8 92.4
bezier
168.8 92.4 154.0 92.4 136.0 90.80000000000001 133.2 97.6
bezier
133.2 97.6 126.80000000000001 112.0 113.19999999999999 149.6 114.4 163.2
bezier
114.4 163.2 116.0 179.2 126.0 186.4 129.60000000000002 200.4
bezier
129.60000000000002 200.4 133.6 216.0 132.4 239.6 130.0 244.0
bezier
130.0 244.0 112.0 274.4 120.0 302.4 116.0 301.2
bezier
116.0 301.2 100.0 297.2 26.400000000000006 305.6 22.0 306.4
bezier
22.0 306.4 6.0 308.8 2.3999999999999773 313.2 6.800000000000011 314.8
bezier
6.800000000000011 314.8 10.0 316.0 79.20000000000002 312.0 86.4 312.0
bezier
86.4 312.0 122.4 312.4 165.2 340.0 204.0 338.0
bezier
204.0 338.0 212.4 337.6 255.6 330.8 266.4 329.2
bezier
144.8 164.4 180.39999999999998 214.0 179.6 240.8 181.2 240.0
bezier
181.2 240.0 190.39999999999998 234.0 207.6 229.2 211.2 230.8
bezier
370.8 414.8 380.4 414.8 399.20000000000005 400.4 405.6 394.4
bezier
405.6 394.4 411.6 388.8 420.0 368.4 414.4 365.2
bezier
414.4 365.2 407.6 360.8 378.8 374.4 373.2 374.0
bezier
373.2 374.0 367.6 373.6 358.8 376.0 357.2 385.2
bezier
416.4 423.6 418.8 422.4 418.8 418.4 417.2 415.6
bezier
417.2 415.6 416.0 413.2 409.6 416.0 410.4 418.0
bezier
343.2 154.4 342.8 148.0 338.0 126.80000000000001 345.2 117.60000000000001
bezier
345.2 117.60000000000001 346.4 115.6 356.4 120.80000000000001 359.6 115.2
bezier
359.6 115.2 360.8 113.6 364.4 110.0 362.0 104.39999999999998
bezier
448.4 434.0 449.6 427.20000000000005 456.8 428.79999999999995 459.6 428.79999999999995
bezier
462.79999999999995 405.2 460.0 405.6 442.4 391.2 438.79999999999995 390.0
save
img018.png
clear
bezier
266.4 329.2 278.8 327.2 314.4 328.4 321.6 336.4
bezier
321.6 336.4 330.0 345.6 352.0 371.20000000000005 353.2 382.0
bezier
353.2 382.0 357.2 424.4 383.2 429.6 394.0 430.0
bezier
394.0 430.0 423.2 431.2 401.6 424.0 429.6 425.20000000000005
bezier
429.6 425.20000000000005 433.2 425.6 452.4 438.4 455.20000000000005 434.79999999999995
bezier
455.20000000000005 434.79999999999995 467.2 420.8 464.4 404.4 460.4 401.20000000000005
bezier
460.4 401.20000000000005 445.6 390.0 415.6 365.6 408.4 348.8
bezier
408.4 348.8 400.8 330.8 386.4 287.6 384.4 269.2
bezier
384.4 269.2 382.4 250.8 362.8 245.2 349.2 214.8
bezier
349.2 214.8 339.2 192.8 346.8 165.6 343.6 154.8
bezier
343.6 154.8 339.2 142.0 338.4 110.79999999999998 349.6 110.79999999999998
bezier
349.6 110.79999999999998 363.2 110.4 366.4 95.6 364.0 92.0
bezier
364.0 92.0 360.4 87.6 334.4 88.4 328.8 89.6
bezier
328.8 89.6 315.6 93.19999999999999 322.8 121.2 314.4 129.2
bezier
314.4 129.2 313.2 130.39999999999998 315.2 198.0 305.6 221.2
bezier
305.6 221.2 304.8 222.8 212.0 232.0 211.2 230.8
bezier
211.2 230.8 210.4 229.2 195.6 197.6 186.4 188.8
bezier
186.4 188.8 167.2 170.4 179.6 129.6 191.6 126.00000000000001
bezier
191.6 126.00000000000001 206.0 121.2 211.2 114.4 209.6 110.79999999999998
bezier
209.6 110.79999999999998 206.0 103.6 181.6 104.79999999999998 179.6 107.6
bezier
179.6 107.6 156.0 137.2 154.4 184.0 144.8 164.8
bezier
144.8 164.8 130.8 137.6 150.8 108.0 154.4 108.4
bezier
154.4 108.4 164.8 109.6 183.2 92.4 168.8 92.4
bezier
168.8 92.4 154.0 92.4 136.0 90.80000000000001 133.2 97.6
bezier
133.2 97.6 126.80000000000001 112.0 113.19999999999999 149.6 114.4 163.2
bezier
114.4 163.2 116.0 179.2 126.0 186.4 129.60000000000002 200.4
bezier
129.60000000000002 200.4 133.6 216.0 132.4 239.6 130.0 244.0
bezier
130.0 244.0 112.0 274.4 119.6 302.4 115.19999999999999 302.0
bezier
115.19999999999999 302.0 98.80000000000001 300.4 27.599999999999994 317.2 23.19999999999999 318.4
bezier
23.19999999999999 318.4 7.199999999999989 323.6 4.0 328.4 8.0 329.2
bezier
8.0 329.2 11.599999999999966 330.0 80.0 318.0 87.19999999999999 317.2
bezier
87.19999999999999 317.2 123.19999999999999 312.0 165.2 340.0 204.0 338.0
bezier
204.0 338.0 212.4 337.6 255.6 330.8 266.4 329.2
bezier
144.8 164.4 180.39999999999998 214.0 179.6 240.8 181.2 240.0
bezier
181.2 240.0 190.39999999999998 234.0 207.6 229.2 211.2 230.8
bezier
370.8 414.8 380.4 414.8 399.20000000000005 400.4 405.6 394.4
bezier
405.6 394.4 411.6 388.8 420.0 368.4 414.4 365.2
bezier
414.4 365.2 407.6 360.8 378.8 374.4 373.2 374.0
bezier
373.2 374.0 367.6 373.6 358.8 376.0 357.2 385.2
bezier
416.4 423.6 418.8 422.4 418.8 418.4 417.2 415.6
bezier
417.2 415.6 416.0 413.2 409.6 416.0 410.4 418.0
bezier
343.2 154.4 342.8 148.0 338.0 126.80000000000001 345.2 117.60000000000001
bezier
345.2 117.60000000000001 346.4 115.6 356.4 120.80000000000001 359.6 115.2
bezier
359.6 115.2 360.8 113.6 364.4 110.0 362.0 104.39999999999998
bezier
448.4 434.0 449.6 427.20000000000005 456.8 428.79999999999995 459.6 428.79999999999995
bezier
462.79999999999995 405.2 460.0 405.6 442.4 391.2 438.79999999999995 390.0
save
img019.png
clear
bezier
266.4 329.2 278.8 327.2 314.4 328.4 321.6 336.4
bezier
321.6 336.4 330.0 345.6 352.0 371.20000000000005 353.2 382.0
bezier
353.2 382.0 357.2 424.4 383.2 429.6 394.0 430.0
bezier
394.0 430.0 423.2 431.2 401.6 424.0 429.6 425.20000000000005
bezier
429.6 425.20000000000005 433.2 425.6 452.4 438.4 455.20000000000005 434.79999999999995
bezier
455.20000000000005 434.79999999999995 467.2 420.8 464.4 404.4 460.4 401.20000000000005
bezier
460.4 401.20000000000005 445.6 390.0 415.6 365.6 408.4 348.8
bezier
408.4 348.8 400.8 330.8 386.4 287.6 384.4 269.2
bezier
384.4 269.2 382.4 250.8 362.8 245.2 349.2 214.8
bezier
349.2 214.8 339.2 192.8 346.8 165.6 343.6 154.8
bezier
343.6 154.8 339.2 142.0 338.4 110.79999999999998 349.6 110.79999999999998
bezier
349.6 110.79999999999998 363.2 110.4 366.4 95.6 364.0 92.0
bezier
364.0 92.0 360.4 87.6 334.4 88.4 328.8 89.6
bezier
328.8 89.6 315.6 93.19999999999999 322.8 121.2 314.4 129.2
bezier
314.4 129.2 313.2 130.39999999999998 315.2 198.0 305.6 221.2
bezier
305.6 221.2 304.8 222.8 212.0 232.0 211.2 230.8
bezier
211.2 230.8 210.4 229.2 195.6 197.6 186.4 188.8
bezier
186.4 188.8 167.2 170.4 179.6 129.6 191.6 126.00000000000001
bezier
191.6 126.00000000000001 206.0 121.2 211.2 114.4 209.6 110.79999999999998
bezier
209.6 110.79999999999998 206.0 103.6 181.6 104.79999999999998 179.6 107.6
bezier
179.6 107.6 156.0 137.2 154.4 184.0 144.8 164.8
bezier
144.8 164.8 130.8 137.6 150.8 108.0 154.4 108.4
bezier
154.4 108.4 164.8 109.6 183.2 92.4 168.8 92.4
bezier
168.8 92.4 154.0 92.4 136.0 90.80000000000001 133.2 97.6
bezier
133.2 97.6 126.80000000000001 112.0 113.19999999999999 149.6 114.4 163.2
bezier
114.4 163.2 116.0 179.2 126.0 186.4 129.60000000000002 200.4
bezier
129.60000000000002 200.4 133.6 216.0 132.4 239.6 130.0 244.0
bezier
130.0 244.0 112.0 274.4 118.80000000000001 302.8 114.4 302.8
bezier
114.4 302.8 97.19999999999999 303.2 30.0 328.4 26.0 330.0
bezier
26.0 330.0 10.0 337.2 7.199999999999989 342.8 11.599999999999966 343.2
bezier
11.599999999999966 343.2 15.199999999999989 343.2 80.4 324.0 87.6 322.0
bezier
87.6 322.0 124.0 312.0 165.2 340.0 204.0 338.0
bezier
204.0 338.0 212.4 337.6 255.6 330.8 266.4 329.2
bezier
144.8 164.4 180.39999999999998 214.0 179.6 240.8 181.2 240.0
bezier
181.2 240.0 190.39999999999998 234.0 207.6 229.2 211.2 230.8
bezier
370.8 414.8 380.4 414.8 399.20000000000005 400.4 405.6 394.4
bezier
405.6 394.4 411.6 388.8 420.0 368.4 414.4 365.2
bezier
414.4 365.2 407.6 360.8 378.8 374.4 373.2 374.0
bezier
373.2 374.0 367.6 373.6 358.8 376.0 357.2 385.2
bezier
416.4 423.6 418.8 422.4 418.8 418.4 417.2 415.6
bezier
417.2 415.6 416.0 413.2 409.6 416.0 410.4 418.0
bezier
343.2 154.4 342.8 148.0 338.0 126.80000000000001 345.2 117.60000000000001
bezier
345.2 117.60000000000001 346.4 115.6 356.4 120.80000000000001 359.6 115.2
bezier
359.6 115.2 360.8 113.6 364.4 110.0 362.0 104.39999999999998
bezier
448.4 434.0 449.6 427.20000000000005 456.8 428.79999999999995 459.6 428.79999999999995
bezier
462.79999999999995 405.2 460.0 405.6 442.4 391.2 438.79999999999995 390.0
save
img020.png
clear
bezier
266.4 329.2 278.8 327.2 314.4 328.4 321.6 336.4
bezier
321.6 336.4 330.0 345.6 352.0 371.20000000000005 353.2 382.0
bezier
353.2 382.0 357.2 424.4 383.2 429.6 394.0 430.0
bezier
394.0 430.0 423.2 431.2 401.6 424.0 429.6 425.20000000000005
bezier
429.6 425.20000000000005 433.2 425.6 452.4 438.4 455.20000000000005 434.79999999999995
bezier
455.20000000000005 434.79999999999995 467.2 420.8 464.4 404.4 460.4 401.20000000000005
bezier
460.4 401.20000000000005 445.6 390.0 415.6 365.6 408.4 348.8
bezier
408.4 348.8 400.8 330.8 386.4 287.6 384.4 269.2
bezier
384.4 269.2 382.4 250.8 362.8 245.2 349.2 214.8
bezier
349.2 214.8 339.2 192.8 346.8 165.6 343.6 154.8
bezier
343.6 154.8 339.2 142.0 338.4 110.79999999999998 349.6 110.79999999999998
bezier
349.6 110.79999999999998 363.2 110.4 366.4 95.6 364.0 92.0
bezier
364.0 92.0 360.4 87.6 334.4 88.4 328.8 89.6
bezier
328.8 89.6 315.6 93.19999999999999 322.8 121.2 314.4 129.2
bezier
314.4 129.2 313.2 130.39999999999998 315.2 198.0 305.6 221.2
bezier
305.6 221.2 304.8 222.8 212.0 232.0 211.2 230.8
bezier
211.2 230.8 210.4 229.2 195.6 197.6 186.4 188.8
bezier
186.4 188.8 167.2 170.4 179.6 129.6 191.6 126.00000000000001
bezier
191.6 126.00000000000001 206.0 121.2 211.2 114.4 209.6 110.79999999999998
bezier
209.6 110.79999999999998 206.0 103.6 181.6 104.79999999999998 179.6 107.6
bezier
179.6 107.6 156.0 137.2 154.4 184.0 144.8 164.8
bezier
144.8 164.8 130.8 137.6 150.8 108.0 154.4 108.4
bezier
154.4 108.4 164.8 109.6 183.2 92.4 168.8 92.4
bezier
168.8 92.4 154.0 92.4 136.0 90.80000000000001 133.2 97.6
bezier
133.2 97.6 126.80000000000001 112.0 113.19999999999999 149.6 114.4 163.2
bezier
114.4 163.2 116.0 179.2 126.0 186.4 129.60000000000002 200.4
bezier
129.60000000000002 200.4 133.6 216.0 132.4 239.6 130.0 244.0
bezier
130.0 244.0 112.0 274.4 118.4 302.8 113.6 303.6
bezier
113.6 303.6 96.0 305.6 33.60000000000002 338.0 29.200000000000017 340.4
bezier
29.200000000000017 340.4 14.0 349.6 11.599999999999966 355.6 16.400000000000006 355.2
bezier
16.400000000000006 355.2 20.0 354.8 81.20000000000002 329.2 88.4 326.4
bezier
88.4 326.4 124.80000000000001 312.0 165.2 340.0 204.0 338.0
bezier
204.0 338.0 212.4 337.6 255.6 330.8 266.4 329.2
bezier
144.8 164.4 180.39999999999998 214.0 179.6 240.8 181.2 240.0
bezier
181.2 240.0 190.39999999999998 234.0 207.6 229.2 211.2 230.8
bezier
370.8 414.8 380.4 414.8 399.20000000000005 400.4 405.6 394.4
bezier
405.6 394.4 411.6 388.8 420.0 368.4 414.4 365.2
bezier
414.4 365.2 407.6 360.8 378.8 374.4 373.2 374.0
bezier
373.2 374.0 367.6 373.6 358.8 376.0 357.2 385.2
bezier
416.4 423.6 418.8 422.4 418.8 418.4 417.2 415.6
bezier
417.2 415.6 416.0 413.2 409.6 416.0 410.4 418.0
bezier
343.2 154.4 342.8 148.0 338.0 126.80000000000001 345.2 117.60000000000001
bezier
345.2 117.60000000000001 346.4 115.6 356.4 120.80000000000001 359.6 115.2
bezier
359.6 115.2 360.8 113.6 364.4 110.0 362.0 104.39999999999998
bezier
448.4 434.0 449.6 427.20000000000005 456.8 428.79999999999995 459.6 428.79999999999995
bezier
462.79999999999995 405.2 460.0 405.6 442.4 391.2 438.79999999999995 390.0
save
img021.png
clear
bezier
266.4 329.2 278.8 327.2 314.4 328.4 321.6 336.4
bezier
321.6 336.4 330.0 345.6 352.0 371.20000000000005 353.2 382.0
bezier
353.2 382.0 357.2 424.4 383.2 429.6 394.0 430.0
bezier
394.0 430.0 423.2 431.2 401.6 424.0 429.6 425.20000000000005
bezier
429.6 425.20000000000005 433.2 425.6 452.4 438.4 455.20000000000005 434.79999999999995
bezier
455.20000000000005 434.79999999999995 467.2 420.8 464.4 404.4 460.4 401.20000000000005
bezier
460.4 401.20000000000005 445.6 390.0 415.6 365.6 408.4 348.8
bezier
408.4 348.8 400.8 330.8 386.4 287.6 384.4 269.2
bezier
384.4 269.2 382.4 250.8 362.8 245.2 349.2 214.8
bezier
349.2 214.8 339.2 192.8 346.8 165.6 343.6 154.8
bezier
343.6 154.8 339.2 142.0 338.4 110.79999999999998 349.6 110.79999999999998
bezier
349.6 110.79999999999998 363.2 110.4 366.4 95.6 364.0 92.0
bezier
364.0 92.0 360.4 87.6 334.4 88.4 328.8 89.6
bezier
328.8 89.6 315.6 93.19999999999999 322.8 121.2 314.4 129.2
bezier
314.4 129.2 313.2 130.39999999999998 315.2 198.0 305.6 221.2
bezier
305.6 221.2 304.8 222.8 212.0 232.0 211.2 230.8
bezier
211.2 230.8 210.4 229.2 195.6 197.6 186.4 188.8
bezier
186.4 188.8 167.2 170.4 179.6 129.6 191.6 126.00000000000001
bezier
191.6 126.00000000000001 206.0 121.2 211.2 114.4 209.6 110.79999999999998
bezier
209.6 110.79999999999998 206.0 103.6 181.6 104.79999999999998 179.6 107.6
bezier
179.6 107.6 156.0 137.2 154.4 184.0 144.8 164.8
bezier
144.8 164.8 130.8 137.6 150.8 108.0 154.4 108.4
bezier
154.4 108.4 164.8 109.6 183.2 92.4 168.8 92.4
bezier
168.8 92.4 154.0 92.4 136.0 90.80000000000001 133.2 97.6
bezier
133.2 97.6 126.80000000000001 112.0 113.19999999999999 149.6 114.4 163.2
bezier
114.4 163.2 116.0 179.2 126.0 186.4 129.60000000000002 200.4
bezier
129.60000000000002 200.4 133.6 216.0 132.4 239.6 130.0 244.0
bezier
130.0 244.0 112.0 274.4 118.0 302.8 113.19999999999999 304.0
bezier
113.19999999999999 304.0 95.19999999999999 307.6 36.80000000000001 345.6 32.80000000000001 348.8
bezier
32.80000000000001 348.8 17.599999999999994 359.2 16.0 365.6 20.80000000000001 364.8
bezier
20.80000000000001 364.8 24.80000000000001 364.4 81.60000000000002 333.2 88.79999999999998 329.6
bezier
88.79999999999998 329.6 125.20000000000002 311.6 165.2 340.0 204.0 338.0
bezier
204.0 338.0 212.4 337.6 255.6 330.8 266.4 329.2
bezier
144.8 164.4 180.39999999999998 214.0 179.6 240.8 181.2 240.0
bezier
181.2 240.0 190.39999999999998 234.0 207.6 229.2 211.2 230.8
bezier
370.8 414.8 380.4 414.8 399.20000000000005 400.4 405.6 394.4
bezier
405.6 394.4 411.6 388.8 420.0 368.4 414.4 365.2
bezier
414.4 365.2 407.6 360.8 378.8 374.4 373.2 374.0
bezier
373.2 374.0 367.6 373.6 358.8 376.0 357.2 385.2
bezier
416.4 423.6 418.8 422.4 418.8 418.4 417.2 415.6
bezier
417.2 415.6 416.0 413.2 409.6 416.0 410.4 418.0
bezier
343.2 154.4 342.8 148.0 338.0 126.80000000000001 345.2 117.60000000000001
bezier
345.2 117.60000000000001 346.4 115.6 356.4 120.80000000000001 359.6 115.2
bezier
359.6 115.2 360.8 113.6 364.4 110.0 362.0 104.39999999999998
bezier
448.4 434.0 449.6 427.20000000000005 456.8 428.79999999999995 459.6 428.79999999999995
bezier
462.79999999999995 405.2 460.0 405.6 442.4 391.2 438.79999999999995 390.0
save
img022.png
clear
bezier
266.4 329.2 278.8 327.2 314.4 328.4 321.6 336.4
bezier
321.6 336.4 330.0 345.6 352.0 371.20000000000005 353.2 382.0
bezier
353.2 382.0 357.2 424.4 383.2 429.6 394.0 430.0
bezier
394.0 430.0 423.2 431.2 401.6 424.0 429.6 425.20000000000005
bezier
429.6 425.20000000000005 433.2 425.6 452.4 438.4 455.20000000000005 434.79999999999995
bezier
455.20000000000005 434.79999999999995 467.2 420.8 464.4 404.4 460.4 401.20000000000005
bezier
460.4 401.20000000000005 445.6 390.0 415.6 365.6 408.4 348.8
bezier
408.4 348.8 400.8 330.8 386.4 287.6 384.4 269.2
bezier
384.4 269.2 382.4 250.8 362.8 245.2 349.2 214.8
bezier
349.2 214.8 339.2 192.8 346.8 165.6 343.6 154.8
bezier
343.6 154.8 339.2 142.0 338.4 110.79999999999998 349.6 110.79999999999998
bezier
349.6 110.79999999999998 363.2 110.4 366.4 95.6 364.0 92.0
bezier
364.0 92.0 360.4 87.6 334.4 88.4 328.8 89.6
bezier
328.8 89.6 315.6 93.19999999999999 322.8 121.2 314.4 129.2
bezier
314.4 129.2 313.2 130.39999999999998 315.2 198.0 305.6 221.2
bezier
305.6 221.2 304.8 222.8 212.0 232.0 211.2 230.8
bezier
211.2 230.8 210.4 229.2 195.6 197.6 186.4 188.8
bezier
186.4 188.8 167.2 170.4 179.6 129.6 191.6 126.00000000000001
bezier
191.6 126.00000000000001 206.0 121.2 211.2 114.4 209.6 110.79999999999998
bezier
209.6 110.79999999999998 206.0 103.6 181.6 104.79999999999998 179.6 107.6
bezier
179.6 107.6 156.0 137.2 154.4 184.0 144.8 164.8
bezier
144.8 164.8 130.8 137.6 150.8 108.0 154.4 108.4
bezier
154.4 108.4 164.8 109.6 183.2 92.4 168.8 92.4
bezier
168.8 92.4 154.0 92.4 136.0 90.80000000000001 133.2 97.6
bezier
133.2 97.6 126.80000000000001 112.0 113.19999999999999 149.6 114.4 163.2
bezier
114.4 163.2 116.0 179.2 126.0 186.4 129.60000000000002 200.4
bezier
129.60000000000002 200.4 133.6 216.0 132.4 239.6 130.0 244.0
bezier
130.0 244.0 112.0 274.4 117.6 303.2 112.79999999999998 304.4
bezier
112.79999999999998 304.4 94.4 309.2 39.20000000000002 350.8 35.20000000000002 354.0
bezier
35.20000000000002 354.0 20.400000000000006 365.6 19.599999999999994 372.4 24.400000000000006 371.20000000000005
bezier
24.400000000000006 371.20000000000005 28.80000000000001 370.4 82.0 336.0 89.19999999999999 332.0
bezier
89.19999999999999 332.0 125.6 311.6 165.2 340.0 204.0 338.0
bezier
204.0 338.0 212.4 337.6 255.6 330.8 266.4 329.2
bezier
144.8 164.4 180.39999999999998 214.0 179.6 240.8 181.2 240.0
bezier
181.2 240.0 190.39999999999998 234.0 207.6 229.2 211.2 230.8
bezier
370.8 414.8 380.4 414.8 399.20000000000005 400.4 405.6 394.4
bezier
405.6 394.4 411.6 388.8 420.0 368.4 414.4 365.2
bezier
414.4 365.2 407.6 360.8 378.8 374.4 373.2 374.0
bezier
373.2 374.0 367.6 373.6 358.8 376.0 357.2 385.2
bezier
416.4 423.6 418.8 422.4 418.8 418.4 417.2 415.6
bezier
417.2 415.6 416.0 413.2 409.6 416.0 410.4 418.0
bezier
343.2 154.4 342.8 148.0 338.0 126.80000000000001 345.2 117.60000000000001
bezier
345.2 117.60000000000001 346.4 115.6 356.4 120.80000000000001 359.6 115.2
bezier
359.6 115.2 360.8 113.6 364.4 110.0 362.0 104.39999999999998
bezier
448.4 434.0 449.6 427.20000000000005 456.8 428.79999999999995 459.6 428.79999999999995
bezier
462.79999999999995 405.2 460.0 405.6 442.4 391.2 438.79999999999995 390.0
save
img023.png
clear
bezier
266.4 329.2 278.8 327.2 314.4 328.4 321.6 336.4
bezier
321.6 336.4 330.0 345.6 352.0 371.20000000000005 353.2 382.0
bezier
353.2 382.0 357.2 424.4 383.2 429.6 394.0 430.0
bezier
394.0 430.0 423.2 431.2 401.6 424.0 429.6 425.20000000000005
bezier
429.6 425.20000000000005 433.2 425.6 452.4 438.4 455.20000000000005 434.79999999999995
bezier
455.20000000000005 434.79999999999995 467.2 420.8 464.4 404.4 460.4 401.20000000000005
bezier
460.4 401.20000000000005 445.6 390.0 415.6 365.6 408.4 348.8
bezier
408.4 348.8 400.8 330.8 386.4 287.6 384.4 269.2
bezier
384.4 269.2 382.4 250.8 362.8 245.2 349.2 214.8
bezier
349.2 214.8 339.2 192.8 346.8 165.6 343.6 154.8
bezier
343.6 154.8 339.2 142.0 338.4 110.79999999999998 349.6 110.79999999999998
bezier
349.6 110.79999999999998 363.2 110.4 366.4 95.6 364.0 92.0
bezier
364.0 92.0 360.4 87.6 334.4 88.4 328.8 89.6
bezier
328.8 89.6 315.6 93.19999999999999 322.8 121.2 314.4 129.2
bezier
314.4 129.2 313.2 130.39999999999998 315.2 198.0 305.6 221.2
bezier
305.6 221.2 304.8 222.8 212.0 232.0 211.2 230.8
bezier
211.2 230.8 210.4 229.2 195.6 197.6 186.4 188.8
bezier
186.4 188.8 167.2 170.4 179.6 129.6 191.6 126.00000000000001
bezier
191.6 126.00000000000001 206.0 121.2 211.2 114.4 209.6 110.79999999999998
bezier
209.6 110.79999999999998 206.0 103.6 181.6 104.79999999999998 179.6 107.6
bezier
179.6 107.6 156.0 137.2 154.4 184.0 144.8 164.8
bezier
144.8 164.8 130.8 137.6 150.8 108.0 154.4 108.4
bezier
154.4 108.4 164.8 109.6 183.2 92.4 168.8 92.4
bezier
168.8 92.4 154.0 92.4 136.0 90.80000000000001 133.2 97.6
bezier
133.2 97.6 126.80000000000001 112.0 113.19999999999999 149.6 114.4 163.2
bezier
114.4 163.2 116.0 179.2 126.0 186.4 129.60000000000002 200.4
bezier
129.60000000000002 200.4 133.6 216.0 132.4 239.6 130.0 244.0
bezier
130.0 244.0 112.0 274.4 117.6 303.2 112.79999999999998 304.4
bezier
112.79999999999998 304.4 94.4 309.6 40.400000000000006 352.79999999999995 36.400000000000006 356.0
bezier
36.400000000000006 356.0 21.599999999999994 368.0 20.80000000000001 374.8 26.0 373.6
bezier
26.0 373.6 30.0 372.8 82.0 336.8 89.19999999999999 332.8
bezier
89.19999999999999 332.8 125.6 311.6 165.2 340.0 204.0 338.0
bezier
204.0 338.0 212.4 337.6 255.6 330.8 266.4 329.2
bezier
144.8 164.4 180.39999999999998 214.0 179.6 240.8 181.2 240.0
bezier
181.2 240.0 190.39999999999998 234.0 207.6 229.2 211.2 230.8
bezier
370.8 414.8 380.4 414.8 399.20000000000005 400.4 405.6 394.4
bezier
405.6 394.4 411.6 388.8 420.0 368.4 414.4 365.2
bezier
414.4 365.2 407.6 360.8 378.8 374.4 373.2 374.0
bezier
373.2 374.0 367.6 373.6 358.8 376.0 357.2 385.2
bezier
416.4 423.6 418.8 422.4 418.8 418.4 417.2 415.6
bezier
417.2 415.6 416.0 413.2 409.6 416.0 410.4 418.0
bezier
343.2 154.4 342.8 148.0 338.0 126.80000000000001 345.2 117.60000000000001
bezier
345.2 117.60000000000001 346.4 115.6 356.4 120.80000000000001 359.6 115.2
bezier
359.6 115.2 360.8 113.6 364.4 110.0 362.0 104.39999999999998
bezier
448.4 434.0 449.6 427.20000000000005 456.8 428.79999999999995 459.6 428.79999999999995
bezier
462.79999999999995 405.2 460.0 405.6 442.4 391.2 438.79999999999995 390.0
save
img024.png
